(0,29)	2.4
(0,34)	9.5
(0,60)	6.833333333333333
(0,64)	13.0
(0,72)	2.8333333333333335
(0,83)	13.833333333333334
(0,107)	15.5
(1,48)	45.0
(1,50)	10.0
(1,55)	11.066666666666668
(1,61)	18.85
(1,62)	15.5
(1,63)	9.0
(1,67)	5.5
(1,71)	18.0
(1,75)	34.0
(1,92)	52.5
(1,103)	17.5
(2,26)	3.0
(2,38)	12.5
(2,40)	7.0
(2,45)	6.5
(2,47)	11.0
(2,58)	4.5
(2,62)	5.3
(2,64)	33.0
(2,65)	9.5
(2,67)	9.0
(2,109)	5.0
(3,0)	0.9166666666666666
(3,43)	6.5
(3,44)	13.5
(3,47)	13.7
(3,49)	13.1
(3,61)	11.0
(3,91)	7.0
(4,2)	1.9760000000000002
(4,35)	9.5
(4,48)	10.0
(4,59)	6.5
(4,67)	7.5
(4,68)	10.5
(4,69)	10.5
(4,71)	8.0
(4,95)	8.25
(5,18)	14.88
(5,51)	33.5
(5,52)	7.0
(5,53)	8.0
(5,54)	11.55
(5,58)	15.0
(5,60)	3.125
(5,65)	9.0
(5,92)	11.0
(5,93)	37.0
(6,19)	8.25
(6,35)	10.0
(6,38)	17.0
(6,72)	5.0
(6,81)	18.6
(6,97)	57.3
(7,9)	80.0
(7,12)	2.75
(7,27)	14.0
(7,59)	25.8
(7,64)	6.75
(7,90)	18.05
(8,25)	7.5
(8,27)	2.5
(8,35)	16.5
(8,59)	22.1
(8,73)	8.5
(8,88)	15.81
(9,8)	3.5
(9,12)	48.0
(9,16)	70.0
(9,19)	105.5
(9,21)	7.58
(9,24)	22.7
(9,30)	5.0
(9,31)	11.3
(9,36)	11.0
(9,46)	8.26
(9,66)	16.7
(9,71)	30.5
(9,106)	39.3
(10,13)	2.976
(10,14)	40.556666666666665
(10,15)	3.25
(10,19)	35.873333333333335
(10,20)	5.0
(10,24)	8.3
(10,36)	11.12
(10,46)	5.75
(10,63)	4.5
(11,1)	9.0
(11,9)	20.15
(11,10)	3.85
(11,12)	4.6
(11,17)	4.5
(11,18)	17.01
(11,36)	12.5
(11,46)	1.7
(11,59)	1.7222222222222223
(11,60)	10.566666666666666
(11,61)	7.25
(11,65)	7.0
(11,76)	37.1
(12,3)	5.0
(12,5)	10.0
(12,9)	13.0
(12,12)	18.75
(12,14)	17.38
(12,31)	12.38
(12,52)	1.7
(12,103)	16.1
(13,6)	9.5
(13,7)	75.0
(13,8)	15.333333333333334
(13,9)	7.5
(13,10)	3.1
(13,13)	12.766666666666666
(13,15)	50.0
(13,16)	2.9
(13,33)	6.5
(13,54)	12.58
(13,59)	1.5
(13,61)	12.6
(13,62)	16.75
(13,78)	11.9
(14,2)	2.0
(14,4)	15.75
(14,7)	7.1
(14,10)	17.0
(14,12)	7.0
(14,13)	2.6666666666666665
(14,16)	62.8
(14,24)	18.900000000000002
(14,32)	11.25
(14,47)	5.75
(14,48)	4.75
(14,55)	1.4
(14,56)	1.0
(14,58)	9.25
(14,59)	10.0
(14,62)	5.0
(14,66)	5.05625
(14,78)	7.0
(14,82)	5.0
(14,94)	9.5
(15,4)	12.5
(15,5)	6.5
(15,6)	15.5
(15,7)	35.9
(15,8)	9.5
(15,11)	2.5
(15,13)	8.0
(15,14)	9.0
(15,18)	38.19
(15,19)	4.033333333333333
(15,26)	10.45
(15,27)	30.0
(15,31)	7.0
(15,46)	9.0
(15,49)	7.0
(15,50)	7.5
(15,51)	72.65
(15,55)	3.875
(15,60)	13.0
(15,73)	7.1
(15,92)	31.45
(15,93)	48.5
(16,0)	3.5
(16,3)	15.0
(16,4)	21.43333333333333
(16,5)	10.333333333333334
(16,6)	49.8
(16,8)	15.5
(16,9)	6.5
(16,10)	8.0
(16,12)	13.1
(16,15)	1.6
(16,17)	6.5
(16,23)	101.1
(16,24)	7.15
(16,25)	91.1
(16,28)	11.75
(16,29)	20.5
(16,39)	8.0
(16,41)	6.5
(16,44)	29.58666666666667
(16,48)	4.75
(16,49)	9.833333333333334
(16,50)	38.25
(16,51)	28.040000000000003
(16,52)	8.5
(16,53)	16.0
(16,54)	11.0
(16,55)	43.5
(16,61)	6.0
(16,63)	1.7
(16,65)	34.0
(16,66)	2.1
(16,68)	12.0
(16,71)	11.5
(16,79)	97.1
(16,88)	7.1
(16,102)	7.0
(17,3)	10.625
(17,4)	4.5
(17,7)	9.5
(17,11)	11.608333333333334
(17,16)	98.0
(17,21)	2.888888888888889
(17,29)	2.7777777777777777
(17,30)	105.6
(17,31)	30.55
(17,47)	7.5
(17,48)	4.5
(17,49)	4.6
(17,50)	5.5
(17,52)	12.307142857142859
(17,53)	18.21333333333333
(17,54)	3.0833333333333335
(17,55)	11.922222222222222
(17,56)	16.865000000000002
(17,57)	18.928571428571427
(17,58)	13.56590909090909
(17,59)	4.372549019607843
(17,61)	6.5
(17,62)	3.0
(17,64)	7.5
(17,69)	7.459999999999999
(17,81)	8.75
(17,83)	9.0
(17,87)	11.5
(17,109)	57.3
(18,3)	37.38
(18,5)	153.8
(18,6)	37.7
(18,9)	11.0
(18,13)	10.5
(18,20)	4.75
(18,22)	8.75
(18,23)	16.7
(18,24)	76.1
(18,28)	10.0
(18,29)	8.0
(18,33)	80.78
(18,40)	18.25
(18,43)	8.9
(18,49)	14.0
(18,51)	4.75
(18,52)	5.583333333333333
(18,53)	44.741
(18,54)	12.4
(18,55)	5.233333333333333
(18,56)	12.751525423728816
(18,57)	10.966756756756759
(18,58)	10.66304347826087
(18,59)	8.652380952380952
(18,60)	10.384411764705883
(18,61)	6.1
(18,62)	8.25
(18,63)	18.642857142857142
(18,64)	19.752000000000002
(18,65)	56.0
(18,67)	10.0
(18,68)	4.8
(18,82)	28.3
(18,83)	7.0
(18,92)	9.25
(18,109)	17.5
(19,3)	10.8
(19,4)	166.66666666666666
(19,5)	12.25
(19,9)	6.5
(19,13)	15.0
(19,14)	11.75
(19,15)	12.3
(19,16)	10.602918287937744
(19,17)	10.970105263157894
(19,20)	54.39333333333334
(19,23)	1.6
(19,26)	9.7
(19,28)	0.7
(19,29)	18.75
(19,30)	7.0
(19,31)	22.5
(19,32)	4.2
(19,34)	11.5
(19,35)	1.1
(19,36)	6.5
(19,40)	15.0
(19,48)	4.0200000000000005
(19,50)	8.0
(19,51)	17.333333333333332
(19,52)	4.125
(19,53)	89.5
(19,55)	3.0
(19,56)	18.53529411764706
(19,57)	7.262288135593219
(19,58)	12.478823529411766
(19,59)	27.186896551724136
(19,60)	21.5
(19,61)	12.728571428571428
(19,62)	13.375
(19,63)	18.66
(19,64)	11.5
(19,65)	23.5
(19,66)	27.5
(19,68)	11.9
(19,79)	57.3
(19,80)	26.0
(19,83)	7.75
(19,88)	88.75
(19,89)	74.025
(19,93)	57.3
(19,107)	86.66666666666667
(20,4)	58.125
(20,8)	8.3
(20,11)	1.4
(20,12)	2.5
(20,14)	17.8
(20,15)	6.5
(20,18)	12.766666666666666
(20,22)	6.0
(20,26)	15.5
(20,29)	44.06
(20,31)	91.25
(20,32)	4.825
(20,34)	6.5
(20,37)	1.5833333333333333
(20,45)	13.2
(20,46)	14.4
(20,48)	6.6
(20,49)	14.37
(20,50)	18.75
(20,51)	40.723
(20,52)	17.833333333333332
(20,53)	16.75
(20,54)	3.0
(20,55)	22.774285714285718
(20,56)	16.173684210526318
(20,57)	10.648255813953485
(20,58)	13.632857142857144
(20,59)	6.4
(20,60)	12.364189189189187
(20,61)	5.0
(20,62)	15.414285714285715
(20,63)	5.9375
(20,68)	5.653846153846154
(20,69)	2.5625
(20,70)	62.9
(20,73)	3.9625
(20,74)	13.1
(20,81)	64.3
(20,84)	18.5
(20,86)	3.5
(20,89)	6.5
(20,90)	11.0
(20,91)	15.5
(20,92)	25.025
(20,93)	10.0
(20,97)	8.5
(20,101)	60.0
(20,108)	12.0
(21,5)	20.5
(21,6)	12.5
(21,9)	17.27
(21,14)	8.0
(21,16)	9.5
(21,17)	61.3
(21,18)	11.5
(21,21)	23.9
(21,22)	35.0
(21,23)	9.125
(21,25)	5.5
(21,27)	7.7
(21,28)	23.55
(21,30)	72.0
(21,31)	33.8
(21,32)	13.5
(21,33)	22.5
(21,34)	25.366666666666664
(21,35)	20.5
(21,37)	25.333333333333332
(21,40)	4.2
(21,48)	67.7
(21,49)	12.957142857142857
(21,50)	6.728666666666667
(21,51)	15.37142857142857
(21,52)	26.416666666666668
(21,53)	16.175
(21,54)	13.062857142857142
(21,55)	11.65
(21,56)	12.715789473684211
(21,57)	7.797297297297297
(21,58)	8.544827586206896
(21,59)	8.497619047619047
(21,60)	19.833333333333332
(21,61)	36.25
(21,62)	10.0
(21,63)	17.55
(21,66)	16.1
(21,68)	3.6666666666666665
(21,69)	11.3
(21,71)	3.4299999999999997
(21,72)	13.0
(21,74)	3.75
(21,77)	11.05
(21,82)	33.85
(21,83)	8.25
(21,85)	8.75
(21,92)	5.0
(21,93)	12.833333333333334
(21,97)	15.333333333333334
(21,99)	14.5
(21,100)	23.9
(21,102)	2.0
(22,2)	27.5
(22,4)	3.5
(22,15)	1.9760000000000002
(22,20)	8.0
(22,23)	38.55
(22,25)	8.5
(22,27)	81.0
(22,30)	24.349999999999998
(22,31)	81.6
(22,34)	14.5
(22,36)	13.915000000000001
(22,37)	17.8
(22,41)	10.8
(22,44)	5.5
(22,45)	26.53333333333333
(22,46)	5.698571428571428
(22,47)	28.639999999999997
(22,48)	24.48
(22,49)	6.586666666666667
(22,50)	13.597619047619045
(22,51)	12.637857142857143
(22,52)	7.411111111111111
(22,53)	5.75
(22,54)	4.13
(22,55)	10.137931034482758
(22,56)	9.004
(22,57)	8.564137931034484
(22,58)	7.133333333333333
(22,59)	6.326315789473685
(22,60)	3.3333333333333335
(22,61)	10.0
(22,62)	7.072857142857143
(22,63)	6.785714285714286
(22,66)	15.333636363636366
(22,67)	20.0
(22,69)	3.45
(22,71)	21.0
(22,78)	7.38
(22,89)	13.0
(22,91)	28.1
(22,98)	9.0
(22,100)	27.0
(22,103)	30.0
(23,6)	5.5
(23,8)	12.0
(23,13)	10.0
(23,15)	14.0
(23,19)	17.6
(23,20)	12.233333333333334
(23,23)	20.25
(23,24)	82.024
(23,29)	5.76
(23,30)	12.5
(23,31)	12.583333333333334
(23,32)	13.61153846153846
(23,33)	7.1
(23,34)	35.9
(23,35)	84.03333333333333
(23,36)	6.5
(23,42)	6.5
(23,43)	31.92333333333334
(23,44)	5.5
(23,45)	35.88
(23,46)	33.699999999999996
(23,48)	10.66818181818182
(23,49)	9.2053125
(23,50)	14.025
(23,51)	11.81111111111111
(23,52)	20.53
(23,53)	13.346874999999999
(23,54)	19.614285714285717
(23,55)	25.1925
(23,56)	10.770416666666668
(23,57)	6.961538461538462
(23,58)	5.4676470588235295
(23,59)	10.491666666666667
(23,60)	13.09375
(23,61)	11.79
(23,63)	22.2375
(23,64)	0.9
(23,65)	24.75
(23,66)	9.962857142857143
(23,67)	35.0
(23,69)	21.766666666666666
(23,70)	21.5
(23,71)	4.25
(23,72)	15.5
(23,74)	12.1
(23,76)	3.0
(23,77)	6.566666666666666
(23,78)	27.235
(23,82)	9.3
(23,85)	3.0
(23,88)	7.0
(23,96)	15.5
(23,99)	8.25
(23,102)	6.691666666666666
(23,103)	103.0
(24,3)	9.7
(24,10)	11.0
(24,13)	9.45
(24,15)	8.0
(24,17)	106.25
(24,18)	3.5
(24,20)	44.8
(24,21)	2.1614285714285715
(24,22)	9.88
(24,23)	10.96
(24,25)	30.0
(24,26)	14.833333333333334
(24,27)	6.75
(24,28)	16.5
(24,30)	4.366666666666666
(24,32)	8.3
(24,33)	76.0
(24,42)	11.375454545454545
(24,43)	8.275
(24,44)	8.775
(24,45)	10.895
(24,46)	4.0
(24,47)	8.03125
(24,48)	11.5228
(24,49)	9.5
(24,50)	5.166666666666667
(24,51)	11.9
(24,52)	41.045454545454554
(24,53)	11.506666666666666
(24,54)	12.841666666666667
(24,55)	9.9196
(24,56)	13.11521739130435
(24,57)	10.282826086956522
(24,58)	24.8625
(24,59)	9.950000000000001
(24,60)	22.125
(24,61)	11.95
(24,62)	16.833333333333332
(24,63)	11.125
(24,64)	24.35
(24,65)	1.9909090909090907
(24,66)	10.5
(24,67)	39.0
(24,68)	8.0625
(24,70)	24.305
(24,74)	4.25
(24,75)	5.25
(24,76)	3.5
(24,85)	147.3
(24,94)	10.5
(24,100)	90.0
(24,101)	8.0
(24,102)	5.0
(24,103)	80.0
(24,105)	3.5
(25,1)	10.0
(25,5)	11.55
(25,10)	11.5
(25,15)	10.65
(25,16)	5.0
(25,21)	6.133333333333333
(25,22)	14.799999999999999
(25,25)	15.5
(25,26)	11.0
(25,27)	9.0
(25,28)	21.900000000000002
(25,29)	60.01
(25,30)	9.666666666666666
(25,32)	18.25
(25,34)	42.0
(25,35)	65.5
(25,36)	9.5
(25,41)	6.236666666666667
(25,42)	19.107142857142858
(25,43)	11.018166666666668
(25,44)	7.846292134831457
(25,45)	9.948780487804878
(25,46)	7.924705882352941
(25,47)	4.0
(25,48)	34.15
(25,49)	4.293333333333334
(25,50)	8.419999999999998
(25,51)	15.988235294117647
(25,52)	9.56689655172414
(25,53)	22.333333333333332
(25,54)	6.304814814814814
(25,55)	9.644703832752612
(25,56)	11.266071428571427
(25,57)	7.762631578947367
(25,58)	8.125
(25,59)	10.525
(25,60)	43.25
(25,61)	14.80909090909091
(25,62)	7.3125
(25,63)	7.70625
(25,64)	9.033333333333333
(25,65)	2.6666666666666665
(25,66)	10.646190476190478
(25,67)	14.575
(25,68)	1.5
(25,69)	3.95
(25,71)	7.5
(25,73)	3.5
(25,74)	61.8
(25,75)	5.5
(25,76)	5.5600000000000005
(25,77)	4.0
(25,81)	2.1666666666666665
(25,82)	22.8
(25,84)	17.5
(25,87)	7.5
(25,88)	26.95
(25,90)	10.5
(25,100)	68.3
(25,103)	7.25
(25,104)	8.5
(25,105)	51.625
(26,1)	27.5
(26,5)	9.75
(26,6)	17.5
(26,7)	11.0
(26,8)	6.5
(26,9)	8.0
(26,15)	2.5
(26,18)	6.5
(26,19)	8.0
(26,20)	8.0
(26,21)	68.0
(26,22)	3.0
(26,23)	11.25
(26,24)	39.0
(26,25)	5.466666666666666
(26,26)	8.0625
(26,27)	9.116923076923078
(26,29)	61.5
(26,30)	18.0
(26,31)	6.333333333333333
(26,32)	39.715
(26,33)	3.25
(26,34)	8.75
(26,35)	8.0
(26,41)	63.5
(26,43)	15.845714285714285
(26,44)	13.478214285714284
(26,45)	21.816896551724145
(26,46)	10.090909090909092
(26,47)	9.770666666666667
(26,48)	9.1025
(26,49)	17.849999999999998
(26,50)	11.738888888888889
(26,51)	13.875499999999999
(26,52)	8.733333333333333
(26,53)	7.8
(26,54)	9.648181818181818
(26,55)	11.274315789473684
(26,56)	11.648200000000001
(26,57)	10.92051282051282
(26,58)	7.4811764705882355
(26,59)	9.75
(26,60)	11.256818181818181
(26,61)	8.0
(26,62)	8.797051282051283
(26,63)	18.933333333333334
(26,64)	16.0
(26,65)	2.25
(26,66)	65.0
(26,67)	3.75
(26,68)	12.0
(26,69)	21.5
(26,70)	143.0
(26,71)	6.273076923076923
(26,72)	11.0
(26,77)	44.5
(26,79)	4.25
(26,81)	74.49
(26,82)	35.2
(26,84)	3.0
(26,86)	2.0
(26,91)	7.0
(26,93)	8.9
(26,97)	4.625
(26,101)	83.3
(26,102)	53.0
(26,104)	5.666666666666667
(26,108)	27.0
(26,109)	4.0
(27,1)	4.0
(27,4)	19.25
(27,5)	9.46875
(27,6)	16.214444444444442
(27,7)	15.779999999999998
(27,8)	12.75
(27,11)	14.3
(27,13)	11.25
(27,16)	6.5
(27,17)	8.0
(27,18)	7.0
(27,20)	8.0
(27,23)	0.9285714285714286
(27,25)	3.483333333333333
(27,26)	3.9285714285714284
(27,27)	7.175
(27,28)	28.075
(27,29)	3.0
(27,31)	70.0
(27,32)	6.0
(27,33)	115.625
(27,34)	11.620000000000001
(27,36)	3.175
(27,37)	8.0
(27,39)	4.5
(27,41)	7.677777777777777
(27,42)	7.383333333333333
(27,43)	7.345833333333334
(27,44)	8.381578947368423
(27,45)	7.036111111111111
(27,46)	20.234375
(27,47)	8.282499999999999
(27,48)	18.1
(27,49)	10.875
(27,50)	15.780000000000001
(27,51)	4.829166666666667
(27,52)	8.0
(27,53)	20.58
(27,54)	11.43030303030303
(27,55)	12.081810344827586
(27,56)	9.233287671232874
(27,57)	10.0455223880597
(27,58)	11.734000000000002
(27,59)	11.583333333333334
(27,60)	11.93421052631579
(27,61)	9.483846153846153
(27,62)	6.0
(27,63)	12.5
(27,64)	14.66
(27,65)	16.228571428571428
(27,66)	12.031818181818181
(27,67)	31.0
(27,68)	7.1
(27,69)	28.5
(27,70)	31.5
(27,71)	43.95
(27,72)	17.0
(27,73)	6.5
(27,76)	6.166666666666667
(27,78)	13.133333333333333
(27,79)	6.5
(27,81)	4.25
(27,82)	3.1666666666666665
(27,83)	13.5
(27,84)	19.875
(27,85)	6.5
(27,88)	5.5
(27,92)	15.84
(27,93)	64.3
(27,94)	67.7
(27,96)	52.5
(27,101)	3.0
(27,102)	8.2375
(27,103)	8.33
(27,104)	91.5
(27,106)	18.905
(27,108)	31.0
(28,3)	62.5
(28,5)	24.34375
(28,6)	18.900000000000002
(28,7)	37.5
(28,8)	7.0
(28,9)	1.6
(28,17)	33.5
(28,19)	3.5
(28,20)	6.5
(28,21)	5.5
(28,26)	10.040000000000001
(28,28)	12.0
(28,29)	4.5
(28,31)	1.9333333333333331
(28,34)	16.5
(28,35)	8.0
(28,36)	3.6666666666666665
(28,40)	7.2
(28,41)	14.35
(28,42)	11.1
(28,43)	7.455000000000001
(28,44)	7.803699999999999
(28,45)	11.18915254237288
(28,46)	10.408059701492538
(28,47)	9.382711864406778
(28,48)	11.46774193548387
(28,49)	20.141666666666666
(28,50)	8.292307692307691
(28,51)	9.496842105263156
(28,52)	11.25
(28,53)	13.813600000000001
(28,54)	11.047929411764702
(28,55)	8.330783783783787
(28,56)	8.965925925925932
(28,57)	7.607692307692307
(28,58)	8.817857142857143
(28,59)	6.276190476190475
(28,60)	11.250495867768594
(28,61)	4.75
(28,62)	5.328571428571428
(28,63)	14.55
(28,64)	24.133333333333333
(28,65)	38.0
(28,66)	11.8
(28,67)	25.728571428571428
(28,68)	27.75
(28,69)	7.666666666666667
(28,70)	26.0
(28,71)	10.0
(28,72)	20.605172413793106
(28,73)	60.15
(28,77)	6.484615384615385
(28,78)	6.5
(28,84)	14.5
(28,85)	11.9
(28,86)	7.7
(28,87)	8.0
(28,88)	5.316666666666666
(28,89)	3.9285714285714284
(28,90)	4.21875
(28,91)	8.186666666666666
(28,92)	50.55
(28,93)	32.18333333333333
(28,94)	10.953846153846152
(28,95)	17.299999999999997
(28,96)	12.666666666666666
(28,97)	62.3
(28,99)	7.1
(28,100)	2.1
(28,102)	0.6
(28,103)	8.4
(28,104)	8.75
(28,105)	13.2
(28,106)	45.333333333333336
(28,108)	7.5
(28,109)	10.5
(29,3)	11.125
(29,6)	11.4
(29,7)	28.0
(29,20)	11.0
(29,21)	11.75
(29,24)	7.833333333333333
(29,26)	4.5
(29,27)	9.35
(29,29)	80.5
(29,33)	11.5
(29,34)	17.666666666666668
(29,37)	6.0
(29,42)	13.125
(29,43)	9.18
(29,44)	13.246511627906978
(29,45)	11.629493670886074
(29,46)	8.633624161073824
(29,47)	9.773333333333335
(29,48)	17.115384615384617
(29,49)	3.4545454545454546
(29,50)	12.48
(29,51)	10.975
(29,52)	29.96
(29,53)	8.416756756756756
(29,54)	11.26543307086614
(29,55)	11.51818181818182
(29,56)	9.89774509803922
(29,57)	9.235294117647058
(29,58)	8.69
(29,59)	7.739534883720929
(29,60)	8.6875
(29,61)	12.63953488372093
(29,62)	9.34
(29,63)	15.919999999999998
(29,64)	6.0
(29,66)	26.508333333333336
(29,67)	14.764545454545454
(29,68)	13.0
(29,69)	15.65
(29,70)	57.4
(29,71)	25.975
(29,72)	40.0
(29,73)	22.5
(29,74)	45.4
(29,77)	8.5
(29,78)	21.0
(29,79)	6.75
(29,80)	10.190000000000001
(29,82)	10.0
(29,83)	17.0
(29,84)	6.5
(29,85)	1.7899999999999998
(29,86)	2.1
(29,87)	7.9818181818181815
(29,89)	6.627272727272728
(29,90)	16.285714285714285
(29,91)	23.334615384615386
(29,92)	29.116936790923923
(29,93)	16.65344827586207
(29,94)	8.677272727272728
(29,95)	11.716666666666667
(29,97)	11.459999999999999
(29,98)	15.5
(29,101)	42.666666666666664
(29,102)	70.3
(29,104)	90.0
(29,105)	32.2
(29,106)	7.5
(29,108)	80.0
(30,5)	9.5
(30,6)	14.0
(30,10)	15.5
(30,16)	11.12
(30,27)	6.514285714285714
(30,28)	6.5
(30,34)	19.741176470588236
(30,36)	1.35
(30,38)	3.3333333333333335
(30,43)	29.433333333333334
(30,44)	13.744444444444445
(30,45)	6.158695652173913
(30,46)	11.116666666666667
(30,47)	9.503846153846155
(30,48)	6.003428571428571
(30,49)	19.224999999999998
(30,50)	14.600000000000001
(30,51)	12.875
(30,52)	13.45758620689655
(30,53)	8.361034482758619
(30,54)	10.20478125
(30,55)	14.056540755467207
(30,56)	14.322849740932645
(30,57)	12.053855421686746
(30,58)	10.967051282051278
(30,59)	15.680952380952379
(30,60)	5.409090909090909
(30,61)	13.436666666666667
(30,62)	1.9285714285714286
(30,63)	10.025
(30,64)	10.0
(30,65)	3.5833333333333335
(30,66)	8.5
(30,67)	14.971428571428572
(30,68)	14.998571428571429
(30,70)	22.424
(30,71)	4.0
(30,72)	3.2857142857142856
(30,73)	7.75
(30,74)	49.16428571428571
(30,76)	4.05
(30,77)	7.033333333333334
(30,79)	8.714285714285714
(30,80)	12.8
(30,81)	7.5
(30,84)	12.213333333333335
(30,85)	10.5
(30,86)	67.3
(30,87)	19.2
(30,88)	16.54285714285714
(30,89)	26.78888888888889
(30,90)	33.94624783362215
(30,91)	30.795556831228357
(30,92)	30.726023139202475
(30,93)	28.252068918230155
(30,94)	28.18513478819002
(30,95)	19.09777777777778
(30,96)	12.227272727272727
(30,97)	2.635714285714286
(30,99)	16.25
(30,100)	19.1375
(30,101)	56.96666666666667
(30,102)	30.5
(30,106)	20.599999999999998
(30,107)	25.2
(30,109)	38.4
(31,1)	15.7
(31,4)	21.3
(31,5)	13.25
(31,6)	12.266666666666666
(31,10)	6.0
(31,11)	10.25
(31,16)	3.724
(31,18)	5.0
(31,20)	11.5
(31,24)	11.9
(31,25)	18.0
(31,32)	5.976
(31,33)	20.166666666666668
(31,35)	10.828571428571427
(31,37)	14.3
(31,40)	18.0
(31,41)	12.266666666666666
(31,42)	9.799999999999999
(31,44)	8.4
(31,45)	25.68466666666667
(31,46)	16.981818181818184
(31,47)	16.896949152542373
(31,48)	10.346315789473685
(31,49)	5.77
(31,50)	13.35875
(31,51)	8.210526315789474
(31,52)	6.13
(31,53)	7.086851851851853
(31,54)	14.706462585034012
(31,55)	10.462981530343011
(31,56)	8.551851851851852
(31,57)	9.97719696969697
(31,58)	11.018461538461539
(31,59)	11.895833333333334
(31,60)	8.72857142857143
(31,61)	16.0
(31,62)	55.2
(31,63)	15.0
(31,64)	27.8
(31,65)	10.15
(31,67)	13.291249999999998
(31,68)	37.166666666666664
(31,69)	12.083333333333334
(31,70)	8.0
(31,71)	7.26
(31,72)	8.016666666666667
(31,73)	11.9
(31,74)	20.9
(31,75)	52.196666666666665
(31,76)	15.575
(31,80)	12.0
(31,81)	18.816666666666666
(31,82)	5.333333333333333
(31,83)	19.7
(31,84)	52.5
(31,85)	20.166666666666668
(31,86)	103.8
(31,87)	29.233333333333334
(31,88)	45.065000000000005
(31,89)	35.20240764331226
(31,90)	36.4587261146496
(31,91)	29.519941322978266
(31,92)	31.493448223537943
(31,93)	31.459125357363938
(31,94)	30.06243067532043
(31,95)	15.990999999999998
(31,96)	10.7976
(31,99)	3.1666666666666665
(31,100)	16.928571428571427
(31,103)	9.0
(31,104)	40.0
(31,106)	10.418181818181818
(32,2)	8.0
(32,3)	8.0
(32,6)	6.5
(32,7)	12.2
(32,9)	6.0
(32,11)	5.5
(32,15)	38.9
(32,17)	10.6
(32,23)	39.25
(32,24)	73.95
(32,27)	3.94
(32,28)	7.75
(32,31)	6.75
(32,37)	13.0
(32,40)	9.5
(32,42)	6.5
(32,43)	14.0
(32,44)	10.5
(32,45)	6.633333333333334
(32,46)	16.25
(32,47)	17.26296296296296
(32,48)	11.92462686567164
(32,49)	10.44146551724138
(32,52)	22.7
(32,53)	10.566129032258063
(32,54)	9.658163265306122
(32,55)	11.690198019801977
(32,56)	12.736666666666668
(32,57)	10.98948051948052
(32,58)	12.10551724137931
(32,59)	9.4188
(32,60)	10.192708333333334
(32,61)	10.205714285714285
(32,62)	19.6
(32,63)	8.83695652173913
(32,64)	12.0
(32,65)	13.791666666666666
(32,66)	13.607692307692307
(32,67)	5.9
(32,68)	18.75
(32,69)	13.8
(32,70)	22.0
(32,71)	40.7
(32,72)	10.604999999999999
(32,73)	8.5
(32,74)	4.958333333333333
(32,75)	12.6
(32,76)	7.6326086956521735
(32,77)	13.7625
(32,79)	9.6
(32,80)	30.0
(32,82)	4.25
(32,83)	3.6666666666666665
(32,84)	2.8333333333333335
(32,85)	12.05
(32,87)	27.633333333333336
(32,88)	34.55828859060394
(32,89)	42.38285714285716
(32,90)	8.220666666666666
(32,91)	16.115593220338983
(32,92)	29.503216256899353
(32,93)	12.173815789473684
(32,94)	18.640666666666668
(32,95)	24.22222222222222
(32,96)	28.55333333333333
(32,97)	25.0
(32,98)	56.64166666666667
(32,99)	22.766666666666666
(32,101)	33.0
(32,106)	6.5
(32,107)	3.5
(32,108)	90.0
(33,0)	28.936666666666667
(33,2)	8.9
(33,3)	2.3666666666666667
(33,5)	3.0
(33,6)	20.0
(33,7)	89.5
(33,9)	20.3
(33,12)	7.5
(33,15)	28.0625
(33,16)	6.5
(33,19)	8.5
(33,21)	14.25
(33,22)	26.666666666666668
(33,24)	50.49142857142857
(33,25)	80.0
(33,26)	19.8125
(33,27)	18.5
(33,28)	8.0
(33,30)	6.5
(33,31)	11.0
(33,34)	6.0
(33,35)	11.4
(33,36)	9.272727272727273
(33,40)	17.0
(33,43)	5.4
(33,44)	5.0
(33,45)	1.7857142857142858
(33,47)	10.045454545454545
(33,48)	11.282142857142858
(33,49)	12.522663316582914
(33,50)	11.643142857142857
(33,51)	12.71875
(33,52)	10.678653846153846
(33,53)	10.341117318435753
(33,54)	11.719298245614034
(33,55)	22.877272727272725
(33,56)	10.060000000000002
(33,57)	10.260728155339805
(33,58)	11.160036900369004
(33,59)	10.485058823529412
(33,60)	10.076078431372549
(33,61)	13.282142857142857
(33,62)	6.1000000000000005
(33,63)	8.285714285714286
(33,64)	11.25
(33,65)	7.241875
(33,66)	14.428292682926829
(33,67)	18.655555555555555
(33,68)	11.071428571428571
(33,69)	10.08421052631579
(33,70)	10.723529411764707
(33,71)	14.8
(33,72)	13.365833333333333
(33,73)	13.0
(33,74)	5.5625
(33,75)	5.766666666666667
(33,76)	9.0
(33,77)	4.75
(33,78)	51.4
(33,80)	29.7
(33,81)	8.0
(33,82)	9.166666666666666
(33,84)	5.5
(33,85)	7.353333333333333
(33,86)	18.9
(33,87)	13.3975
(33,88)	36.16925558312641
(33,89)	16.07116279069767
(33,90)	15.998076923076923
(33,91)	22.561581508515932
(33,92)	28.999162011173198
(33,93)	10.665384615384616
(33,94)	18.232727272727274
(33,95)	26.08533333333333
(33,96)	36.02846153846154
(33,99)	6.9
(33,100)	14.0
(33,101)	14.1
(33,103)	8.559999999999999
(33,106)	11.0
(33,109)	43.166666666666664
(34,6)	17.685
(34,7)	2.4444444444444446
(34,10)	6.87
(34,12)	150.0
(34,14)	107.30444444444444
(34,15)	55.175000000000004
(34,17)	33.0
(34,24)	9.0
(34,25)	74.72
(34,26)	150.0
(34,27)	8.0
(34,35)	4.0
(34,39)	4.42
(34,40)	6.1
(34,41)	13.7
(34,42)	25.25
(34,43)	9.6
(34,44)	16.5
(34,47)	5.5
(34,48)	13.0
(34,49)	9.11111111111111
(34,50)	13.076229235880398
(34,51)	10.200700525394039
(34,52)	8.73240990990991
(34,53)	10.582183186951065
(34,54)	9.640397350993378
(34,55)	6.184000000000001
(34,56)	8.091666666666667
(34,57)	9.81915333960489
(34,58)	8.822083333333333
(34,59)	9.433503184713375
(34,60)	9.616041666666666
(34,61)	12.45
(34,62)	8.069565217391304
(34,63)	9.072016460905349
(34,64)	11.963888888888889
(34,65)	11.641428571428571
(34,66)	11.538461538461538
(34,67)	16.15
(34,68)	15.166666666666666
(34,70)	13.272727272727273
(34,71)	12.272727272727273
(34,72)	8.333333333333334
(34,73)	10.972727272727273
(34,74)	10.983333333333334
(34,75)	43.125
(34,76)	7.1
(34,79)	20.3575
(34,80)	18.975
(34,81)	24.88125
(34,82)	20.5
(34,83)	140.0
(34,84)	10.799999999999999
(34,85)	22.3625
(34,86)	14.3
(34,87)	16.39090909090909
(34,88)	31.201910112359563
(34,89)	36.186950819672056
(34,90)	5.8908474576271175
(34,91)	28.373388429752023
(34,92)	32.945294117646974
(34,93)	12.193085106382979
(34,94)	17.609375
(34,95)	12.959677419354838
(34,96)	6.295
(34,97)	18.0
(34,98)	1.2
(34,99)	4.5
(34,100)	17.5
(34,103)	26.325
(34,104)	8.214285714285714
(34,105)	14.55
(34,106)	23.092222222222222
(34,107)	4.0
(34,108)	20.0
(34,109)	7.2
(35,1)	7.5
(35,7)	7.0
(35,9)	18.01666666666667
(35,13)	125.25
(35,15)	11.0
(35,21)	2.9166666666666665
(35,22)	13.0
(35,24)	42.375
(35,27)	39.239999999999995
(35,28)	16.2
(35,29)	8.5
(35,32)	2.4
(35,33)	5.0
(35,34)	3.75
(35,35)	4.914285714285714
(35,37)	8.3
(35,38)	10.5
(35,39)	6.0
(35,40)	12.809999999999999
(35,41)	9.45
(35,42)	12.566666666666668
(35,43)	24.0
(35,44)	10.8
(35,45)	7.75
(35,46)	22.513333333333332
(35,47)	8.9
(35,48)	7.35
(35,49)	11.484545454545453
(35,50)	9.041728081321471
(35,51)	11.597430203045676
(35,52)	9.330472917239465
(35,53)	9.178622340425532
(35,54)	8.281869782971615
(35,55)	12.531372549019606
(35,56)	6.682307692307692
(35,57)	8.738173913043479
(35,58)	9.60403225806452
(35,59)	10.744404332129966
(35,60)	10.150420168067228
(35,61)	13.863010752688174
(35,62)	13.277064220183485
(35,63)	9.687586206896553
(35,64)	8.422222222222222
(35,65)	14.373333333333333
(35,66)	19.147222222222222
(35,67)	10.06875
(35,68)	7.02888888888889
(35,69)	20.0
(35,70)	19.576666666666664
(35,71)	10.016666666666667
(35,72)	2.74
(35,73)	16.722727272727273
(35,74)	20.107142857142858
(35,75)	11.0
(35,76)	15.21142857142857
(35,77)	18.464285714285715
(35,78)	30.1
(35,79)	10.666666666666666
(35,80)	7.042857142857143
(35,81)	16.255000000000003
(35,82)	16.753333333333334
(35,83)	30.357499999999998
(35,84)	25.833333333333332
(35,85)	26.353571428571428
(35,86)	20.5625
(35,87)	29.655370370370374
(35,88)	24.71324675324675
(35,89)	31.275422413793102
(35,90)	30.514432071269454
(35,91)	29.451122448979547
(35,92)	28.16666666666667
(35,93)	23.184794520547946
(35,94)	32.97911111111111
(35,95)	42.663636363636364
(35,96)	33.03545454545454
(35,97)	51.4
(35,98)	15.963333333333335
(35,99)	17.300833333333333
(35,100)	39.864
(35,101)	34.376666666666665
(35,102)	11.607297297297299
(35,104)	86.4
(35,105)	6.035
(35,108)	42.7
(36,4)	28.0
(36,15)	5.5
(36,21)	23.0
(36,22)	4.625
(36,23)	7.1
(36,24)	10.5
(36,27)	3.435
(36,28)	20.474999999999998
(36,29)	3.466666666666667
(36,30)	36.766666666666666
(36,34)	12.25
(36,35)	3.5
(36,36)	6.55
(36,37)	3.5714285714285716
(36,39)	22.555
(36,40)	8.0
(36,41)	7.446666666666668
(36,42)	2.993333333333333
(36,43)	5.4125
(36,44)	2.5
(36,45)	7.45
(36,46)	9.2
(36,47)	10.286827586206895
(36,48)	11.398888888888889
(36,49)	9.235025641025643
(36,50)	9.647150430748832
(36,51)	10.583279569892476
(36,52)	10.303106440416544
(36,53)	8.53617410387711
(36,54)	8.465221893491128
(36,55)	10.207668231611887
(36,56)	9.888075757575757
(36,57)	9.528251618871417
(36,58)	10.245889186773907
(36,59)	9.222199999999997
(36,60)	8.310704225352112
(36,61)	9.107592592592592
(36,62)	10.09032258064516
(36,63)	10.455
(36,64)	14.322727272727274
(36,65)	6.65
(36,66)	11.888
(36,67)	8.15625
(36,68)	13.666666666666666
(36,69)	11.333333333333334
(36,70)	16.10842105263158
(36,71)	4.15
(36,72)	21.475
(36,73)	21.75
(36,74)	26.03333333333333
(36,75)	18.34
(36,76)	11.4375
(36,77)	28.081176470588236
(36,78)	19.209375
(36,79)	12.875
(36,80)	11.545454545454545
(36,81)	20.402941176470588
(36,82)	18.5
(36,83)	13.676744186046513
(36,84)	24.5
(36,85)	11.975
(36,86)	21.48
(36,87)	10.583333333333334
(36,88)	13.11176470588235
(36,89)	33.085561139028506
(36,90)	9.4804
(36,91)	13.983333333333334
(36,92)	16.644444444444446
(36,93)	1.0
(36,94)	16.26214285714286
(36,95)	2.272727272727273
(36,96)	35.75714285714286
(36,97)	7.828571428571428
(36,98)	14.916666666666666
(36,100)	64.55
(36,101)	14.5
(36,102)	29.75
(36,103)	5.5
(36,104)	3.0
(36,105)	13.0
(37,0)	11.0
(37,1)	185.62
(37,7)	6.5
(37,8)	34.5
(37,11)	15.181666666666667
(37,19)	10.5
(37,22)	10.0
(37,26)	5.183333333333334
(37,27)	8.3
(37,28)	10.209090909090909
(37,29)	1.625
(37,30)	10.25
(37,31)	12.333333333333334
(37,32)	7.0
(37,33)	13.8
(37,34)	17.0
(37,35)	7.625
(37,36)	6.5
(37,37)	8.5
(37,38)	16.0
(37,39)	3.966666666666667
(37,40)	5.0
(37,41)	7.290909090909091
(37,42)	27.35
(37,43)	9.0
(37,44)	10.5
(37,45)	13.5
(37,46)	8.541176470588235
(37,47)	9.482389937106918
(37,48)	12.737499999999999
(37,49)	11.048592085235967
(37,50)	10.058322854715422
(37,51)	10.163535353535353
(37,52)	9.135282555282554
(37,53)	9.798963545389553
(37,54)	8.470429883138573
(37,55)	9.92890138311031
(37,56)	8.472664714494888
(37,57)	9.550618131868132
(37,58)	9.84749258160237
(37,59)	9.729481641468682
(37,60)	9.913469750889686
(37,61)	11.18053475935829
(37,62)	9.917757009345795
(37,63)	8.917628865979381
(37,64)	13.278307692307692
(37,65)	8.567391304347826
(37,66)	8.97948717948718
(37,67)	15.354000000000001
(37,68)	14.346610169491525
(37,69)	12.695806451612903
(37,70)	22.674074074074074
(37,71)	21.151621621621622
(37,72)	18.342857142857145
(37,73)	21.925
(37,74)	14.12936170212766
(37,75)	12.043478260869565
(37,76)	14.723764705882353
(37,77)	15.32714285714286
(37,78)	3.0
(37,79)	8.1
(37,80)	17.357142857142858
(37,81)	29.490999999999996
(37,82)	17.177068965517243
(37,83)	11.668421052631578
(37,84)	21.274
(37,85)	3.336842105263158
(37,86)	15.165625
(37,87)	4.25
(37,88)	17.6
(37,89)	34.13122632103679
(37,90)	4.6375
(37,91)	6.35
(37,92)	49.5
(37,93)	37.083333333333336
(37,94)	8.714285714285714
(37,95)	40.376666666666665
(37,96)	36.855000000000004
(37,97)	9.625
(37,98)	68.75
(37,103)	9.416666666666666
(37,104)	60.0
(37,105)	67.7
(37,106)	40.0
(37,108)	20.8
(37,109)	3.5
(38,6)	17.0
(38,8)	5.985714285714286
(38,11)	63.92857142857143
(38,12)	9.0
(38,15)	10.25
(38,16)	33.666666666666664
(38,17)	3.1666666666666665
(38,21)	11.225
(38,25)	8.3
(38,27)	3.95
(38,28)	65.0
(38,29)	23.41111111111111
(38,30)	8.74
(38,31)	16.7
(38,32)	15.059999999999999
(38,34)	25.599999999999998
(38,35)	13.133333333333333
(38,36)	7.029999999999999
(38,37)	15.0
(38,38)	6.625
(38,39)	2.585714285714286
(38,40)	6.25
(38,41)	8.0
(38,42)	5.822727272727272
(38,43)	5.7555555555555555
(38,44)	3.5833333333333335
(38,45)	16.66
(38,46)	8.125
(38,47)	14.873349168646087
(38,48)	9.15317280453258
(38,49)	10.240332031250002
(38,50)	10.080897569338152
(38,51)	9.170244689889554
(38,52)	11.176175675675669
(38,53)	9.524110275689226
(38,54)	9.404438677819195
(38,55)	9.852550486163047
(38,56)	9.040491946016557
(38,57)	9.32324468085106
(38,58)	9.00042944785276
(38,59)	8.27724178403756
(38,60)	8.398229426433913
(38,61)	8.97581818181818
(38,62)	7.535999999999999
(38,63)	10.076212121212123
(38,64)	6.995744680851063
(38,65)	13.178666666666667
(38,66)	15.83076923076923
(38,67)	10.178947368421053
(38,68)	15.607692307692306
(38,69)	7.961538461538462
(38,70)	7.0
(38,71)	9.833333333333334
(38,72)	30.25
(38,73)	14.166666666666666
(38,74)	15.48918918918919
(38,75)	31.5
(38,76)	6.46875
(38,77)	7.533333333333333
(38,78)	21.506666666666668
(38,79)	18.284814814814816
(38,80)	19.01928571428572
(38,81)	15.10867924528302
(38,82)	5.88
(38,83)	7.635
(38,85)	16.50625
(38,86)	3.8333333333333335
(38,87)	9.25
(38,88)	36.214290598290496
(38,89)	35.82653124999998
(38,90)	39.0
(38,91)	4.333333333333333
(38,92)	2.3653846153846154
(38,93)	16.5
(38,94)	7.071428571428571
(38,96)	13.5
(38,97)	8.0
(38,99)	39.15
(38,102)	3.25
(38,104)	34.38
(38,105)	31.5
(38,106)	48.5
(38,107)	182.0
(38,109)	6.0
(39,0)	7.65
(39,1)	75.0
(39,11)	97.786
(39,12)	125.5
(39,13)	58.49533333333334
(39,14)	77.17666666666668
(39,15)	10.5
(39,16)	8.214285714285714
(39,17)	7.684
(39,19)	14.0
(39,22)	18.7
(39,30)	7.38
(39,31)	10.071428571428571
(39,32)	3.0
(39,33)	17.375
(39,34)	6.0
(39,35)	23.467857142857145
(39,37)	6.75
(39,38)	6.166666666666667
(39,39)	8.941538461538462
(39,40)	18.9
(39,41)	7.5
(39,42)	34.35
(39,43)	3.9967741935483874
(39,44)	11.428571428571429
(39,45)	6.844444444444445
(39,46)	15.0
(39,47)	18.875
(39,48)	4.5
(39,49)	9.178279569892473
(39,50)	10.764416633426416
(39,51)	9.37805772186485
(39,52)	10.023018137580152
(39,53)	10.062905839032098
(39,54)	9.685155143556086
(39,55)	8.941992409867177
(39,56)	8.812210556186148
(39,57)	9.625475578406167
(39,58)	8.081622928176799
(39,59)	7.893683360258484
(39,60)	8.088735632183909
(39,61)	7.761792452830188
(39,62)	11.923521126760564
(39,63)	8.336593406593407
(39,64)	9.42140350877193
(39,65)	11.936521739130434
(39,66)	10.440434782608696
(39,67)	9.46826923076923
(39,68)	16.142857142857142
(39,69)	7.083333333333333
(39,70)	12.356250000000001
(39,71)	12.75
(39,72)	8.75
(39,73)	3.75
(39,74)	24.75
(39,75)	20.457142857142856
(39,76)	26.7125
(39,77)	5.4
(39,78)	19.313333333333333
(39,79)	25.383333333333336
(39,80)	22.347272727272728
(39,81)	15.843529411764708
(39,82)	24.25
(39,83)	8.447
(39,84)	11.063125000000001
(39,85)	9.000540540540541
(39,86)	8.8125
(39,87)	22.26
(39,88)	35.99430453879935
(39,90)	27.766666666666666
(39,91)	9.385714285714286
(39,92)	27.5
(39,93)	5.85
(39,94)	10.200000000000001
(39,95)	2.3666666666666667
(39,96)	57.3
(39,100)	9.5
(39,101)	60.3
(39,102)	31.50217391304347
(39,103)	3.5
(39,104)	16.75
(39,105)	2.625
(39,108)	19.819374999999997
(40,10)	5.35
(40,11)	132.0
(40,12)	32.86904761904762
(40,13)	71.1334
(40,14)	58.544884792626725
(40,15)	3.5
(40,16)	4.875
(40,19)	13.1
(40,20)	25.7
(40,22)	13.0
(40,23)	11.3
(40,27)	100.0
(40,29)	5.24
(40,30)	6.5625
(40,31)	47.068000000000005
(40,32)	22.666666666666668
(40,33)	28.57857142857143
(40,35)	19.38888888888889
(40,37)	6.166666666666667
(40,38)	11.955
(40,40)	10.75
(40,42)	10.0
(40,43)	17.97142857142857
(40,44)	2.5
(40,45)	12.150000000000002
(40,46)	9.814285714285715
(40,47)	10.4125
(40,48)	6.376923076923077
(40,49)	8.40060606060606
(40,50)	10.276470128245242
(40,51)	10.532887179487135
(40,52)	10.74461098121422
(40,53)	10.35703937566512
(40,54)	8.849724137931034
(40,55)	9.049858044164043
(40,56)	9.493464680442097
(40,57)	9.180221099178777
(40,58)	8.282527131782949
(40,59)	7.831918918918919
(40,60)	9.325860465116278
(40,61)	7.147655502392343
(40,62)	8.708897637795275
(40,63)	8.115452127659575
(40,64)	8.432230971128607
(40,65)	10.237405063291138
(40,66)	10.787666666666667
(40,67)	14.594999999999999
(40,68)	13.639375000000001
(40,69)	9.45
(40,70)	13.5
(40,73)	18.985555555555557
(40,74)	19.419999999999998
(40,76)	10.813333333333334
(40,77)	7.946666666666667
(40,78)	11.64375
(40,79)	10.436585365853658
(40,80)	3.0
(40,81)	20.45
(40,82)	12.4
(40,83)	13.738800000000001
(40,84)	18.5879347826087
(40,85)	9.914285714285715
(40,86)	14.252500000000001
(40,87)	31.90013372956902
(40,88)	35.10398190045251
(40,89)	14.7
(40,90)	15.125
(40,93)	5.1
(40,94)	8.6
(40,95)	7.5
(40,97)	10.75
(40,98)	10.95
(40,101)	7.5
(40,103)	4.0
(40,104)	20.256666666666668
(40,106)	1.0833333333333333
(40,108)	18.9
(41,2)	3.725
(41,3)	9.785714285714286
(41,5)	3.5
(41,6)	4.0
(41,7)	42.5
(41,8)	14.0
(41,9)	8.5
(41,11)	8.0
(41,12)	57.30848484848485
(41,13)	56.06428571428571
(41,14)	60.423573667711594
(41,16)	14.3
(41,17)	13.45
(41,18)	5.5
(41,19)	7.5
(41,21)	5.0
(41,28)	40.625
(41,30)	6.0
(41,31)	50.0
(41,33)	20.35
(41,34)	42.125
(41,35)	3.8
(41,36)	10.6125
(41,37)	18.8
(41,38)	6.75
(41,40)	10.616666666666667
(41,41)	12.9
(41,42)	8.416666666666666
(41,43)	13.244444444444445
(41,44)	8.927272727272726
(41,45)	12.904
(41,46)	10.8325
(41,47)	10.44078947368421
(41,48)	11.878333333333332
(41,49)	13.230400000000001
(41,50)	11.194114255765195
(41,51)	10.187841054313102
(41,52)	10.006642173235369
(41,53)	9.731823555166379
(41,54)	10.059311926605504
(41,55)	8.743028846153841
(41,56)	8.427537154989386
(41,57)	9.92964705882353
(41,58)	8.463113402061857
(41,59)	8.576144067796609
(41,60)	8.706710875331565
(41,61)	9.700661157024793
(41,62)	8.804478431372553
(41,63)	8.778777524677297
(41,64)	9.414696485623
(41,65)	8.344536585365852
(41,66)	6.974519230769231
(41,67)	8.593673469387753
(41,68)	7.5603896103896115
(41,69)	10.804545454545455
(41,70)	15.380769230769232
(41,71)	18.842857142857145
(41,72)	14.03125
(41,73)	9.235714285714286
(41,74)	6.041666666666667
(41,77)	14.0
(41,78)	14.5
(41,79)	11.91923076923077
(41,81)	6.409090909090909
(41,82)	9.964285714285714
(41,83)	10.258571428571429
(41,84)	33.348
(41,85)	5.0
(41,86)	21.812903225806455
(41,87)	31.627543624160978
(41,88)	11.325106382978722
(41,89)	5.595833333333334
(41,90)	7.0
(41,91)	12.166666666666666
(41,92)	62.9
(41,93)	12.3125
(41,94)	11.5
(41,95)	9.0
(41,96)	11.783333333333331
(41,97)	19.5
(41,98)	3.1
(41,99)	28.1
(41,100)	17.0
(41,101)	15.12857142857143
(41,102)	13.40625
(41,104)	6.0
(41,105)	9.88
(41,106)	8.059999999999999
(42,3)	10.1
(42,4)	9.0
(42,5)	6.5
(42,7)	12.5
(42,11)	12.5
(42,12)	53.468
(42,13)	57.905882352941184
(42,14)	17.7
(42,15)	11.65
(42,16)	13.1975
(42,17)	9.712
(42,18)	29.435714285714287
(42,19)	52.75
(42,21)	4.5
(42,23)	10.1
(42,24)	50.82
(42,26)	10.5
(42,29)	13.5
(42,30)	36.6
(42,31)	13.0348
(42,32)	5.0
(42,33)	53.0
(42,34)	7.5
(42,35)	5.3
(42,36)	12.833333333333334
(42,37)	50.2625
(42,38)	5.050571428571428
(42,39)	7.583333333333333
(42,40)	16.683333333333334
(42,41)	15.545454545454545
(42,42)	9.288888888888888
(42,43)	5.542777777777777
(42,44)	4.576923076923077
(42,45)	7.9474358974358985
(42,46)	9.433855273287167
(42,47)	11.196130763862792
(42,48)	11.016659502693214
(42,49)	11.151385542168674
(42,50)	7.191377551020411
(42,51)	9.802829957028871
(42,52)	9.740546932290387
(42,53)	10.47024316109422
(42,54)	7.641935483870968
(42,55)	7.312
(42,56)	9.926136363636363
(42,57)	7.524228855721396
(42,58)	6.876249999999999
(42,59)	8.859239130434784
(42,60)	8.381214511041012
(42,61)	8.763851784080511
(42,62)	8.349643874643869
(42,63)	8.067460106382988
(42,64)	8.978327832783279
(42,65)	8.274857142857142
(42,66)	9.57950738916256
(42,67)	9.150740740740742
(42,68)	9.87842105263158
(42,69)	9.759555555555556
(42,70)	6.594545454545455
(42,71)	6.96304347826087
(42,72)	8.233636363636363
(42,73)	10.458333333333334
(42,74)	6.363636363636363
(42,75)	17.8
(42,76)	28.6
(42,77)	5.247368421052632
(42,78)	6.683823529411764
(42,79)	7.720833333333334
(42,81)	4.0
(42,82)	11.5
(42,83)	13.5
(42,84)	10.106719367588935
(42,85)	8.913333333333332
(42,86)	28.92100917431183
(42,87)	15.4568085106383
(42,88)	12.50284403669725
(42,89)	16.645454545454545
(42,90)	11.841666666666667
(42,91)	21.0
(42,94)	13.583333333333334
(42,95)	14.7
(42,98)	3.5
(42,100)	23.599999999999998
(42,101)	2.8076923076923075
(42,103)	5.25
(42,104)	36.166666666666664
(42,109)	2.0
(43,5)	11.0
(43,8)	9.15
(43,9)	9.5
(43,10)	15.5
(43,11)	28.560000000000002
(43,12)	92.95
(43,13)	102.3125
(43,14)	59.31923076923077
(43,15)	67.892
(43,16)	15.942666666666666
(43,17)	13.883043478260864
(43,18)	31.96363636363636
(43,19)	44.8705
(43,20)	2.1399999999999997
(43,21)	7.7
(43,23)	15.56
(43,26)	9.0
(43,27)	9.25
(43,28)	60.25
(43,29)	80.65
(43,30)	6.5
(43,31)	10.46
(43,32)	9.5
(43,33)	6.0
(43,35)	15.25
(43,36)	7.35
(43,37)	36.42142857142857
(43,38)	24.235714285714288
(43,39)	7.866666666666667
(43,40)	4.166666666666667
(43,41)	10.093684210526316
(43,42)	3.5616666666666665
(43,43)	8.0375
(43,44)	11.529230769230768
(43,45)	10.472857142857144
(43,46)	10.080919332645331
(43,47)	10.738908954769316
(43,48)	10.804761937350989
(43,49)	9.768038024213965
(43,50)	9.516022641509442
(43,51)	7.253886063072227
(43,52)	8.063160377358491
(43,53)	9.063035714285714
(43,54)	10.035
(43,55)	6.520526315789475
(43,56)	9.940514285714286
(43,57)	9.12508771929825
(43,58)	8.62577277840271
(43,59)	8.071154855643055
(43,60)	8.391860841423943
(43,61)	8.204465408805035
(43,62)	8.888307952622673
(43,63)	9.790213114754103
(43,64)	9.005555555555556
(43,65)	9.170874200426438
(43,66)	6.905333333333334
(43,67)	11.629999999999999
(43,68)	7.4
(43,69)	11.181176470588234
(43,70)	9.952962962962964
(43,71)	4.583333333333333
(43,72)	5.1
(43,73)	4.7272727272727275
(43,75)	5.230769230769231
(43,76)	9.1
(43,77)	9.802272727272728
(43,78)	9.146153846153847
(43,79)	8.885
(43,80)	12.7
(43,81)	21.125
(43,82)	9.414615384615384
(43,83)	8.091325301204819
(43,84)	8.656896551724138
(43,85)	20.566790123456787
(43,86)	27.10097514340342
(43,87)	12.6375
(43,88)	8.89689189189189
(43,89)	11.066133333333333
(43,90)	13.188571428571429
(43,91)	10.594444444444443
(43,92)	12.54375
(43,93)	10.860000000000001
(43,94)	47.0
(43,95)	52.5
(43,96)	38.46666666666667
(43,98)	7.7
(43,101)	14.566666666666668
(43,102)	5.1875
(43,103)	5.5
(43,104)	42.71666666666667
(43,105)	14.884615384615385
(43,106)	15.25
(43,107)	13.0
(43,108)	13.125
(44,1)	60.0
(44,5)	33.333333333333336
(44,12)	121.25
(44,14)	55.857142857142854
(44,15)	55.370000000000005
(44,16)	20.664705882352937
(44,17)	39.03
(44,18)	20.240909090909092
(44,19)	53.166666666666664
(44,20)	47.166666666666664
(44,21)	135.66666666666666
(44,22)	7.1
(44,23)	7.825
(44,24)	9.5
(44,26)	3.75
(44,29)	68.1
(44,31)	8.9
(44,32)	15.398823529411763
(44,33)	26.899999999999995
(44,34)	9.0
(44,35)	65.95
(44,36)	18.5625
(44,37)	8.613636363636363
(44,38)	32.875
(44,39)	17.299999999999997
(44,40)	42.7
(44,41)	34.27123595505617
(44,42)	43.72216216216216
(44,43)	51.3375
(44,44)	10.156176470588235
(44,45)	11.987400000000001
(44,46)	11.221588081258199
(44,47)	10.202859406624063
(44,48)	9.25426680099138
(44,49)	8.387741536117312
(44,50)	7.666039978163178
(44,51)	8.1049347715181
(44,52)	9.050738112136258
(44,53)	9.130589986468195
(44,54)	8.453094059405947
(44,55)	7.218913713405234
(44,56)	8.37594394064304
(44,57)	8.264616536716433
(44,58)	8.30124255541675
(44,59)	8.571562865047648
(44,60)	7.660447884987576
(44,61)	8.518199152542394
(44,62)	9.262679425837321
(44,63)	8.853208053691276
(44,64)	12.310144927536232
(44,65)	3.2058823529411766
(44,66)	7.449999999999999
(44,67)	8.945714285714285
(44,68)	6.934042553191489
(44,69)	7.02622641509434
(44,70)	9.451777777777778
(44,71)	29.0
(44,72)	5.748275862068965
(44,73)	31.15
(44,74)	9.229166666666666
(44,75)	9.473333333333333
(44,76)	3.6666666666666665
(44,77)	11.199999999999998
(44,78)	11.794488188976375
(44,79)	6.567021276595744
(44,80)	6.71875
(44,81)	18.0225
(44,82)	14.35
(44,83)	13.249847560975617
(44,84)	12.838774509803924
(44,85)	31.975771428571413
(44,86)	7.674999999999999
(44,87)	19.5875
(44,88)	9.062105263157894
(44,89)	7.4937313432835815
(44,90)	18.51060606060606
(44,91)	17.508556701030926
(44,92)	17.233333333333334
(44,93)	12.062000000000001
(44,94)	12.333333333333334
(44,95)	13.763076923076925
(44,96)	3.5
(44,97)	28.15
(44,98)	5.453846153846154
(44,99)	13.7
(44,101)	13.5
(44,102)	10.7
(44,103)	3.5
(44,104)	13.075000000000001
(44,105)	28.5
(44,108)	8.0
(45,6)	136.875
(45,13)	60.0
(45,16)	48.2
(45,18)	24.9
(45,19)	8.9
(45,21)	11.533333333333333
(45,22)	67.35
(45,23)	7.625
(45,24)	41.12
(45,28)	20.0
(45,30)	22.375
(45,31)	80.0
(45,32)	20.8
(45,34)	37.25
(45,35)	59.5
(45,36)	7.257142857142857
(45,37)	4.0285714285714285
(45,38)	15.933333333333334
(45,39)	16.26161290322581
(45,40)	41.46153846153846
(45,41)	42.38593023255814
(45,42)	46.824972972972965
(45,43)	47.45824817518248
(45,44)	6.666
(45,45)	7.673278688524592
(45,46)	10.343176155512671
(45,47)	8.850208521129002
(45,48)	8.171097635641377
(45,49)	8.20266162170432
(45,50)	7.824806098814628
(45,51)	7.915807112201063
(45,52)	8.312919700739
(45,53)	9.009895509743027
(45,54)	8.22941071428572
(45,55)	9.531321428571426
(45,56)	8.259102362204722
(45,57)	8.946075958489477
(45,58)	8.626620519768379
(45,59)	8.522068298969064
(45,60)	9.107086368366286
(45,61)	9.015775862068969
(45,62)	9.623018867924527
(45,63)	12.90375
(45,64)	13.291666666666666
(45,65)	7.46875
(45,66)	15.751428571428573
(45,67)	11.575
(45,68)	14.25
(45,69)	6.59375
(45,70)	14.5
(45,71)	10.733333333333333
(45,72)	3.75
(45,73)	8.460526315789474
(45,74)	20.47
(45,75)	8.344444444444443
(45,76)	7.75
(45,77)	6.8703125
(45,78)	7.37962962962963
(45,79)	17.108333333333334
(45,80)	7.368214285714285
(45,81)	9.858556701030928
(45,82)	12.625579567779967
(45,83)	17.798250460405153
(45,84)	32.789553571428584
(45,85)	10.896274509803922
(45,86)	8.4856875
(45,87)	8.675294117647056
(45,88)	13.048048780487806
(45,89)	16.982142857142858
(45,90)	11.143749999999999
(45,91)	10.033188405797102
(45,92)	4.753666666666667
(45,93)	58.0
(45,94)	0.75
(45,95)	3.8181818181818183
(45,96)	36.69
(45,97)	11.719285714285713
(45,98)	1.4
(45,100)	13.875
(45,101)	10.0
(45,102)	3.5
(45,103)	6.5
(45,104)	3.7857142857142856
(45,108)	36.375
(46,1)	16.8
(46,10)	2.016
(46,13)	10.25
(46,15)	28.333333333333332
(46,17)	29.166666666666668
(46,18)	8.0
(46,19)	26.0
(46,20)	74.31
(46,23)	45.06666666666666
(46,24)	20.05
(46,25)	11.12
(46,28)	67.7
(46,30)	1.85
(46,31)	4.75
(46,32)	15.5
(46,33)	40.6125
(46,34)	46.689166666666665
(46,35)	29.785625
(46,36)	33.978571428571435
(46,37)	25.979795918367348
(46,38)	20.329615384615384
(46,39)	32.57585365853658
(46,40)	47.968888888888884
(46,41)	34.961338582677165
(46,42)	44.50175675675676
(46,43)	35.67517857142857
(46,44)	11.306451612903224
(46,45)	10.712641509433961
(46,46)	8.960731707317073
(46,47)	9.965123381933937
(46,48)	8.343664817062553
(46,49)	7.887684479107153
(46,50)	7.548545321515348
(46,51)	7.675575471814973
(46,52)	7.993664577338609
(46,53)	8.060245934888643
(46,54)	7.96375606550747
(46,55)	10.66763406940063
(46,56)	8.51375
(46,57)	8.949065420560753
(46,58)	9.501611880269177
(46,59)	8.279145802650982
(46,60)	8.535085450346418
(46,61)	8.90551139684396
(46,62)	11.155398009950247
(46,63)	12.8828
(46,64)	8.77
(46,65)	8.50961038961039
(46,66)	4.478571428571429
(46,67)	9.216166666666664
(46,68)	5.945666666666667
(46,69)	9.21338028169014
(46,70)	10.656521739130435
(46,71)	14.0625
(46,72)	11.956
(46,73)	14.666666666666666
(46,74)	13.925
(46,75)	7.706666666666666
(46,76)	9.328930481283422
(46,77)	11.650645161290322
(46,78)	16.70285714285714
(46,79)	13.393243243243242
(46,80)	13.909016697588113
(46,81)	7.552866769349241
(46,82)	28.910337837837858
(46,83)	31.189999999999998
(46,84)	33.31943396226414
(46,85)	22.75
(46,86)	8.150714285714285
(46,87)	10.294444444444444
(46,88)	8.141666666666667
(46,89)	9.13829268292683
(46,90)	6.66125
(46,91)	12.48076923076923
(46,92)	52.0
(46,93)	3.7375
(46,94)	11.464285714285714
(46,95)	52.5
(46,96)	23.133333333333336
(46,97)	7.933333333333334
(46,98)	1.3181818181818181
(46,99)	9.971428571428572
(46,100)	13.683333333333332
(46,101)	9.25
(46,103)	10.375
(46,104)	19.89090909090909
(46,105)	21.5
(46,106)	52.315
(46,108)	4.5
(47,0)	8.5
(47,2)	28.1
(47,5)	20.0
(47,6)	11.5
(47,10)	3.5
(47,14)	47.25
(47,15)	60.0
(47,18)	85.28999999999999
(47,19)	34.25
(47,20)	58.0
(47,23)	8.0
(47,24)	8.9
(47,26)	2.78125
(47,27)	4.0
(47,28)	8.845
(47,30)	11.0
(47,31)	30.3
(47,32)	12.85
(47,33)	13.961538461538462
(47,34)	15.93421052631579
(47,35)	20.337500000000002
(47,36)	22.336666666666666
(47,37)	30.5924
(47,38)	39.037499999999994
(47,39)	19.966315789473686
(47,40)	35.85190476190476
(47,41)	34.61068571428572
(47,42)	13.024516853932589
(47,43)	47.652405405405396
(47,44)	22.722608695652173
(47,45)	25.138055555555557
(47,46)	10.243263157894736
(47,47)	7.919732993197271
(47,48)	8.212393286430878
(47,49)	7.427935652657313
(47,50)	7.456708639812888
(47,51)	7.343168258673419
(47,52)	7.609218862142143
(47,53)	7.778288255920209
(47,54)	7.705811909735943
(47,55)	8.609718832891247
(47,56)	8.443410852713178
(47,57)	8.977
(47,58)	8.75424949966645
(47,59)	8.777914782194706
(47,60)	9.329377637130808
(47,61)	9.591925675675673
(47,62)	9.794561403508771
(47,63)	11.794199999999998
(47,64)	18.22978494623656
(47,65)	8.615384615384615
(47,66)	8.2325
(47,67)	25.67094117647058
(47,68)	23.308791208791227
(47,69)	30.247440000000008
(47,70)	19.872509363295883
(47,71)	25.09564625850341
(47,72)	30.332480620155057
(47,73)	33.353730158730166
(47,74)	23.037464788732397
(47,75)	11.763643410852712
(47,76)	13.366821829855544
(47,77)	12.541983695652178
(47,78)	13.830926365795737
(47,79)	14.823670886075936
(47,80)	9.658028169014083
(47,81)	24.87324324324324
(47,82)	17.73900826446282
(47,83)	21.821910112359546
(47,84)	8.823076923076924
(47,85)	11.35217391304348
(47,86)	8.8125
(47,87)	13.456
(47,88)	8.405
(47,91)	12.434999999999999
(47,92)	20.55
(47,93)	12.5
(47,96)	35.0
(47,99)	7.32
(47,100)	15.41
(47,101)	9.25
(47,102)	7.138888888888889
(47,103)	6.1
(47,104)	20.62
(47,105)	13.064074074074075
(47,106)	23.099999999999998
(47,107)	4.0
(47,109)	52.5
(48,0)	7.5
(48,10)	11.75
(48,14)	9.75
(48,15)	69.2
(48,16)	68.18571428571428
(48,17)	73.78866666666666
(48,18)	82.5
(48,19)	53.666666666666664
(48,20)	86.76666666666667
(48,21)	62.44
(48,22)	51.5625
(48,24)	23.013636363636365
(48,26)	27.065
(48,27)	80.25
(48,29)	4.642857142857143
(48,30)	4.08
(48,32)	8.69
(48,33)	15.16
(48,34)	16.393636363636364
(48,35)	39.45875
(48,36)	31.734827586206897
(48,37)	27.12921875
(48,38)	29.005151515151518
(48,39)	26.840232558139537
(48,40)	20.195806451612906
(48,41)	33.874917127071825
(48,42)	41.8027536231884
(48,43)	31.153599999999997
(48,44)	9.25
(48,45)	7.593333333333334
(48,46)	10.384126984126985
(48,47)	8.060736842105264
(48,48)	7.504451118041072
(48,49)	7.458522200653815
(48,50)	6.991559523046416
(48,51)	7.110161363396106
(48,52)	7.065058666474234
(48,53)	7.357051083912346
(48,54)	7.756357639459093
(48,55)	8.203306010928962
(48,56)	7.856942148760332
(48,57)	13.611111111111112
(48,58)	9.146815101645693
(48,59)	9.614590579710145
(48,60)	7.366477272727272
(48,61)	6.940196078431374
(48,62)	8.4455
(48,63)	9.747619047619047
(48,64)	16.526266666666668
(48,65)	16.993344425956725
(48,66)	17.51736514522822
(48,67)	26.633257575757593
(48,68)	9.325
(48,69)	9.358333333333334
(48,70)	10.44375
(48,71)	9.93027027027027
(48,72)	5.186206896551725
(48,73)	8.243055555555555
(48,74)	24.195478260869574
(48,75)	12.735227272727258
(48,76)	15.23092987804878
(48,77)	13.26468902865127
(48,78)	11.738636363636363
(48,79)	7.983157894736842
(48,80)	4.692982456140351
(48,81)	25.04033333333334
(48,82)	18.334642857142853
(48,83)	13.122499999999999
(48,84)	5.555555555555555
(48,85)	8.377272727272727
(48,86)	10.77
(48,87)	7.581739130434783
(48,88)	15.992222222222223
(48,89)	22.666666666666668
(48,91)	9.928571428571429
(48,92)	4.388888888888889
(48,93)	2.242857142857143
(48,94)	22.5
(48,95)	21.0
(48,96)	25.875
(48,100)	26.0625
(48,101)	4.5
(48,102)	7.015625
(48,103)	25.596666666666664
(48,104)	18.40666666666667
(48,105)	12.735555555555557
(48,107)	8.08
(48,108)	8.478260869565217
(48,109)	20.107142857142858
(49,4)	69.75
(49,7)	23.375
(49,8)	2.3333333333333335
(49,13)	37.093333333333334
(49,14)	17.5
(49,15)	39.839285714285715
(49,16)	81.0625
(49,17)	21.688888888888886
(49,18)	78.02857142857144
(49,19)	29.669999999999998
(49,22)	5.5
(49,23)	7.5
(49,25)	61.5875
(49,26)	20.425
(49,31)	83.58333333333333
(49,32)	11.017857142857142
(49,33)	50.666666666666664
(49,34)	9.283333333333333
(49,35)	38.25666666666667
(49,36)	37.214864864864865
(49,37)	40.4413953488372
(49,38)	27.410666666666668
(49,39)	28.340555555555554
(49,40)	49.4388888888889
(49,41)	43.520147058823525
(49,42)	42.56779411764707
(49,43)	39.79467213114754
(49,44)	33.51534759358288
(49,45)	9.506136363636363
(49,46)	9.410416666666668
(49,47)	10.969886363636366
(49,48)	7.469084781158658
(49,49)	7.189444703212856
(49,50)	7.00096989592303
(49,51)	7.188370869485468
(49,52)	7.234323866920513
(49,53)	6.936359144983321
(49,54)	7.215583121851399
(49,55)	7.794538558786368
(49,56)	7.46608187134503
(49,57)	8.658072289156628
(49,58)	10.356564245810057
(49,59)	9.129399999999999
(49,60)	12.720909090909089
(49,61)	16.399802955665002
(49,62)	24.290607287449365
(49,63)	19.313843236409582
(49,64)	25.10711538461541
(49,65)	16.826973293768553
(49,66)	11.910062111801246
(49,67)	9.855934959349593
(49,68)	14.087123287671231
(49,69)	10.687085889570554
(49,70)	9.57608910891089
(49,71)	8.137602339181287
(49,72)	9.388698884758371
(49,73)	7.707332155477034
(49,74)	9.883336127409887
(49,75)	11.123199999999999
(49,76)	9.807981651376146
(49,77)	18.941868131868127
(49,78)	30.118712871287148
(49,79)	26.23922727272729
(49,80)	29.727354651162763
(49,81)	30.304960629921275
(49,82)	38.08999999999999
(49,83)	6.952
(49,84)	9.251111111111111
(49,85)	3.2
(49,86)	10.01086956521739
(49,87)	10.815000000000001
(49,88)	9.3
(49,89)	28.11111111111111
(49,90)	38.025
(49,91)	29.805882352941175
(49,92)	27.636363636363637
(49,93)	18.68
(49,95)	44.8
(49,97)	19.5
(49,99)	16.0
(49,100)	13.25
(49,101)	10.0
(49,102)	16.75
(49,104)	22.2
(49,105)	24.755909090909086
(49,106)	11.296666666666667
(49,107)	13.927272727272726
(49,108)	2.0
(49,109)	24.256666666666664
(50,0)	190.0
(50,10)	27.0
(50,11)	53.85
(50,12)	104.5
(50,13)	40.46666666666667
(50,14)	28.086000000000002
(50,15)	33.769999999999996
(50,16)	80.25
(50,17)	6.0
(50,18)	40.94583333333333
(50,19)	9.0
(50,21)	17.75
(50,22)	26.9
(50,23)	18.5
(50,25)	37.5
(50,26)	24.5
(50,28)	3.375
(50,29)	11.0
(50,30)	8.544444444444444
(50,31)	13.7
(50,32)	10.8
(50,33)	5.6866666666666665
(50,34)	3.0285714285714285
(50,35)	22.45
(50,36)	17.416666666666668
(50,37)	22.933333333333334
(50,38)	24.133333333333333
(50,39)	13.542089552238807
(50,40)	34.124242424242425
(50,41)	28.964000000000002
(50,42)	39.640577777777786
(50,43)	40.87021505376343
(50,44)	29.04643979057592
(50,45)	7.083333333333333
(50,46)	9.484000000000002
(50,47)	7.2138961038961025
(50,48)	7.739474769908192
(50,49)	7.525678589358595
(50,50)	6.8867095209950415
(50,51)	7.029522875730971
(50,52)	7.074879431321776
(50,53)	7.022058380920558
(50,54)	6.74172864828894
(50,55)	7.362311261798236
(50,56)	8.184157608695655
(50,57)	14.821005917159763
(50,58)	13.108413461538431
(50,59)	13.429837742023592
(50,60)	9.984531914893676
(50,61)	20.736286919831247
(50,62)	13.13996732026144
(50,63)	9.757439655172414
(50,64)	8.859947028637643
(50,65)	9.787472791774384
(50,66)	10.115337034099968
(50,67)	9.358532258064507
(50,68)	9.615012077294683
(50,69)	10.265138248847917
(50,70)	9.862745327102795
(50,71)	10.716141078838175
(50,72)	9.544056847545223
(50,73)	9.438362652232753
(50,74)	10.440431034482758
(50,75)	9.88846153846154
(50,76)	9.032153846153845
(50,77)	9.136363636363637
(50,78)	13.67727272727273
(50,79)	10.41060606060606
(50,80)	30.894814814814836
(50,81)	29.142578616352218
(50,82)	32.07961748633881
(50,83)	13.716756756756757
(50,84)	17.777321428571426
(50,85)	50.916666666666664
(50,86)	21.23
(50,87)	10.333333333333334
(50,88)	10.583333333333334
(50,90)	18.0
(50,91)	25.375
(50,92)	9.791666666666666
(50,93)	7.5
(50,94)	14.283333333333335
(50,95)	28.524
(50,96)	6.5
(50,97)	9.0
(50,98)	19.766666666666666
(50,99)	7.0
(50,102)	39.5
(50,103)	13.0
(50,104)	131.5
(50,105)	11.333333333333334
(50,106)	8.7
(50,107)	60.5
(50,108)	5.75
(50,109)	28.4675
(51,3)	10.45
(51,6)	8.5
(51,8)	9.0
(51,13)	15.75
(51,15)	25.271428571428572
(51,16)	87.5
(51,17)	4.0
(51,18)	27.166666666666668
(51,20)	13.5
(51,21)	18.2
(51,23)	12.0
(51,24)	45.0
(51,26)	7.0
(51,27)	13.75
(51,28)	7.75
(51,29)	13.0
(51,30)	9.79
(51,32)	5.25
(51,34)	7.0
(51,35)	9.183333333333332
(51,37)	28.491666666666664
(51,38)	6.324782608695652
(51,39)	18.439473684210526
(51,40)	27.01829268292683
(51,41)	33.57052631578947
(51,42)	42.98709219858157
(51,43)	38.06179591836734
(51,44)	44.58374233128834
(51,45)	24.84907407407408
(51,46)	7.501282051282051
(51,47)	10.092885906040271
(51,48)	7.6068262545717245
(51,49)	7.14063211307499
(51,50)	6.9541610168673405
(51,51)	7.309014130532862
(51,52)	7.135167587419187
(51,53)	7.000710018143913
(51,54)	7.231460177154689
(51,55)	7.508345032231966
(51,56)	7.082984881767673
(51,57)	9.64177664974619
(51,58)	11.865949416342369
(51,59)	10.726851275668938
(51,60)	9.121545319465085
(51,61)	9.318882072256311
(51,62)	9.304037298387094
(51,63)	8.612326565143823
(51,64)	6.532002022244688
(51,65)	9.767503285151124
(51,66)	10.7238334100322
(51,67)	10.892641429179056
(51,68)	9.182861990950217
(51,69)	8.581907258064511
(51,70)	13.773382226056915
(51,71)	9.793394994559298
(51,72)	9.043599052880818
(51,73)	10.079737470167066
(51,74)	9.613308550185875
(51,75)	7.9571559633027515
(51,76)	10.053361702127658
(51,77)	10.342948717948717
(51,78)	8.9025
(51,79)	18.99103448275862
(51,80)	26.885090909090906
(51,81)	8.65
(51,82)	41.800000000000004
(51,83)	7.276666666666667
(51,84)	11.077000000000002
(51,85)	9.666666666666666
(51,86)	11.5
(51,87)	11.459999999999999
(51,88)	6.333333333333333
(51,89)	45.5
(51,91)	40.0
(51,92)	6.583333333333333
(51,94)	2.1153846153846154
(51,96)	65.53333333333333
(51,97)	145.0
(51,98)	7.470769230769231
(51,99)	52.5
(51,103)	3.125
(51,106)	28.0
(51,107)	27.766666666666666
(51,108)	16.125
(51,109)	55.75
(52,2)	14.0
(52,3)	6.05
(52,6)	46.5
(52,8)	19.5
(52,10)	11.0
(52,12)	3.0
(52,13)	4.0
(52,14)	100.0
(52,15)	3.0
(52,17)	225.0
(52,18)	86.25
(52,19)	11.666666666666666
(52,21)	4.3
(52,25)	11.5
(52,26)	63.525
(52,27)	22.1
(52,28)	5.0
(52,29)	26.6
(52,31)	11.0
(52,33)	12.25
(52,34)	13.25
(52,36)	9.75235294117647
(52,37)	29.8
(52,38)	42.025
(52,39)	28.602777777777778
(52,40)	44.96571428571429
(52,41)	19.04594594594595
(52,42)	38.87394366197183
(52,43)	43.957849462365594
(52,44)	38.61884711779448
(52,45)	41.8291935483871
(52,46)	8.589056603773585
(52,47)	9.233161764705882
(52,48)	8.576795042566726
(52,49)	7.433523872350868
(52,50)	7.422971710288487
(52,51)	7.518704138110424
(52,52)	7.065682186929937
(52,53)	7.317434745182763
(52,54)	7.409563068255137
(52,55)	7.596514918174978
(52,56)	7.174307096156755
(52,57)	7.1260594795538985
(52,58)	7.767555555555557
(52,59)	7.342725490196078
(52,60)	10.0992458723784
(52,61)	8.780621916022723
(52,62)	9.372601818900765
(52,63)	8.69575383589059
(52,64)	9.386360271437388
(52,65)	7.656117021276598
(52,66)	9.196426332288398
(52,67)	7.0740733056708205
(52,68)	8.886278763971067
(52,69)	8.607369565217395
(52,70)	9.99411067193675
(52,71)	9.123324175824177
(52,72)	9.162203389830507
(52,73)	9.471923076923078
(52,74)	9.959349593495933
(52,75)	8.790187499999998
(52,76)	7.261754385964912
(52,77)	8.49861111111111
(52,78)	12.675737704918031
(52,79)	21.269708333333355
(52,80)	9.443999999999999
(52,81)	25.53333333333333
(52,82)	31.3
(52,83)	10.910754716981131
(52,84)	15.211304347826088
(52,85)	12.172727272727274
(52,86)	14.473333333333334
(52,87)	10.708947368421052
(52,88)	1.7
(52,89)	21.055555555555557
(52,90)	5.5
(52,91)	4.428571428571429
(52,92)	5.833333333333333
(52,93)	2.75
(52,94)	5.0
(52,95)	3.5
(52,96)	82.5
(52,98)	12.366666666666667
(52,99)	47.825
(52,100)	19.65
(52,101)	17.85
(52,102)	50.230000000000004
(52,103)	1.4
(52,104)	7.0
(52,105)	8.625
(52,106)	3.8000000000000003
(52,107)	9.0
(52,108)	49.73
(52,109)	33.0
(53,3)	138.0
(53,6)	8.0
(53,8)	28.541666666666668
(53,10)	4.0
(53,11)	19.0
(53,14)	7.0
(53,16)	13.7
(53,17)	6.8
(53,18)	165.0
(53,20)	39.0
(53,22)	6.75
(53,27)	15.75
(53,28)	18.642857142857142
(53,29)	97.5
(53,30)	24.23
(53,31)	55.260000000000005
(53,32)	38.8
(53,33)	33.5
(53,34)	4.1
(53,35)	4.757142857142857
(53,37)	10.75
(53,38)	9.85
(53,39)	44.067
(53,40)	14.541999999999998
(53,41)	20.115000000000002
(53,42)	29.441111111111113
(53,43)	23.34433333333333
(53,44)	31.829230769230772
(53,45)	29.098113207547172
(53,46)	7.900655737704919
(53,47)	8.780987654320988
(53,48)	9.268444444444443
(53,49)	7.315846125427046
(53,50)	7.391756590072598
(53,51)	7.356822632107872
(53,52)	7.530321578953413
(53,53)	7.570083207157903
(53,54)	6.992742136776085
(53,55)	7.890046201315591
(53,56)	7.033477962259573
(53,57)	7.068323328745881
(53,58)	7.126314768317734
(53,59)	8.301100352112671
(53,60)	8.195391304347824
(53,61)	9.253622112211225
(53,62)	6.719874049027908
(53,63)	9.707764273600896
(53,64)	9.275844622615425
(53,65)	8.270089672232523
(53,66)	8.419298081422548
(53,67)	7.722698209718671
(53,68)	7.823069306930692
(53,69)	8.148783783783784
(53,70)	10.953787878787885
(53,71)	9.68348623853211
(53,72)	9.278478260869564
(53,73)	8.448416927899686
(53,74)	11.07730897009967
(53,75)	8.427513966480449
(53,76)	8.66764119601329
(53,77)	11.029830508474577
(53,78)	13.32264150943396
(53,79)	21.280125786163527
(53,80)	10.510408163265305
(53,81)	5.958823529411765
(53,82)	10.391428571428571
(53,83)	9.638637873754154
(53,84)	11.927042253521126
(53,85)	15.468
(53,86)	5.625
(53,87)	10.5
(53,88)	15.666666666666666
(53,89)	6.35
(53,90)	13.275
(53,91)	18.0
(53,92)	12.954545454545455
(53,93)	30.0
(53,95)	13.61
(53,97)	16.22
(53,99)	3.5
(53,100)	15.205
(53,102)	3.0
(53,103)	20.925
(53,108)	87.99
(53,109)	6.0
(54,3)	6.166666666666667
(54,4)	132.0
(54,6)	12.125
(54,10)	28.0
(54,11)	2.65
(54,17)	10.1
(54,18)	12.6
(54,20)	19.9
(54,21)	3.75
(54,22)	8.3
(54,26)	14.783333333333331
(54,27)	57.3
(54,28)	10.5
(54,29)	19.0
(54,32)	4.416666666666667
(54,33)	18.122
(54,34)	69.2125
(54,35)	31.270588235294127
(54,37)	30.5
(54,38)	6.166666666666667
(54,39)	13.85
(54,40)	43.18
(54,41)	22.225
(54,42)	5.4
(54,43)	34.85
(54,44)	35.33720720720721
(54,45)	20.731437125748506
(54,46)	9.4396
(54,47)	13.84430107526882
(54,48)	13.532315789473682
(54,49)	7.714200554140642
(54,50)	7.660394857748748
(54,51)	7.381480318745438
(54,52)	7.747397389140678
(54,53)	7.670369465513783
(54,54)	7.885794800695687
(54,55)	6.849342733315748
(54,56)	6.736565220255411
(54,57)	6.938335111196735
(54,58)	7.595853475557706
(54,59)	8.636161914460262
(54,60)	9.683124031007758
(54,61)	7.801736526946107
(54,62)	7.783287514318444
(54,63)	8.863598088302233
(54,64)	9.45488469985359
(54,65)	9.765003373363946
(54,66)	8.804711682103363
(54,67)	9.212890673255094
(54,68)	8.654849785407727
(54,69)	5.421543859649115
(54,70)	12.331102362204723
(54,71)	12.558918918918916
(54,72)	9.773076923076923
(54,73)	9.166548672566371
(54,74)	9.376031746031748
(54,75)	10.110714285714286
(54,76)	15.570535714285711
(54,77)	22.583597560975623
(54,78)	26.492899999999995
(54,79)	8.127777777777778
(54,80)	33.59466666666667
(54,81)	14.15891891891892
(54,82)	34.501538461538466
(54,83)	10.142239185750636
(54,84)	9.26641791044776
(54,85)	12.185106382978724
(54,86)	24.626666666666665
(54,87)	10.534444444444444
(54,88)	6.62
(54,89)	7.676666666666667
(54,90)	26.066666666666666
(54,91)	12.5
(54,93)	13.0
(54,94)	6.6499999999999995
(54,95)	16.178695652173914
(54,96)	9.567391304347826
(54,97)	8.833333333333334
(54,98)	10.233333333333333
(54,100)	63.5
(54,101)	22.25
(54,102)	2.2
(54,103)	114.8
(54,105)	31.683333333333334
(54,107)	11.459999999999999
(54,108)	11.3
(54,109)	78.0
(55,17)	79.25
(55,20)	25.0
(55,22)	44.166666666666664
(55,23)	37.8
(55,25)	2.7916666666666665
(55,30)	17.9
(55,31)	3.6944444444444446
(55,33)	51.776923076923076
(55,35)	22.0
(55,36)	18.59466666666667
(55,37)	29.1875
(55,38)	9.75
(55,39)	3.0
(55,40)	5.35
(55,41)	24.428125
(55,42)	19.318181818181817
(55,43)	18.80047619047619
(55,44)	31.323768115942023
(55,45)	35.96183006535948
(55,46)	25.152758620689657
(55,47)	9.162285714285714
(55,48)	8.327301587301587
(55,49)	9.211923076923076
(55,50)	8.503564448102052
(55,51)	7.352499965433686
(55,52)	7.39616854653333
(55,53)	7.320682342363754
(55,54)	7.237338670292753
(55,55)	6.428134077118742
(55,56)	6.212265134325682
(55,57)	6.39678478765235
(55,58)	7.373067440949416
(55,59)	7.788445810448265
(55,60)	8.289336128581413
(55,61)	10.094751381215472
(55,62)	5.976074498567335
(55,63)	9.031863069483332
(55,64)	10.2467403242678
(55,65)	9.684145855676446
(55,66)	9.785645480536628
(55,67)	10.068892565200489
(55,68)	13.267579617834379
(55,69)	11.651708715596332
(55,70)	10.755349544072958
(55,71)	12.93321801208124
(55,72)	19.29060013046307
(55,73)	26.13057315233781
(55,74)	10.173835051546396
(55,75)	18.333225806451612
(55,76)	22.22589108015232
(55,77)	22.84640629997868
(55,78)	15.637384615384613
(55,79)	12.086111111111112
(55,80)	16.59333333333333
(55,81)	28.5
(55,82)	44.29906976744186
(55,83)	9.959285714285716
(55,84)	12.955882352941176
(55,85)	5.252631578947369
(55,86)	9.182051282051281
(55,87)	10.80909090909091
(55,88)	6.0
(55,89)	9.5
(55,90)	8.9
(55,93)	25.427999999999997
(55,94)	26.0
(55,95)	20.166666666666668
(55,96)	1.1071428571428572
(55,100)	16.29375
(55,101)	3.5
(55,102)	43.92105263157894
(55,107)	66.33333333333333
(55,108)	22.5
(55,109)	64.33333333333333
(56,2)	11.7
(56,3)	16.75
(56,8)	180.0
(56,10)	8.0
(56,12)	100.0
(56,16)	8.811666666666666
(56,17)	4.75
(56,18)	100.5
(56,19)	12.55
(56,23)	38.3
(56,24)	74.4
(56,31)	5.211111111111111
(56,33)	4.20125
(56,34)	18.575
(56,35)	28.903333333333332
(56,36)	5.111111111111111
(56,37)	14.167441860465114
(56,38)	18.225
(56,39)	11.334615384615384
(56,40)	12.0
(56,41)	18.413888888888888
(56,42)	24.976000000000003
(56,43)	50.089999999999996
(56,44)	18.4884
(56,45)	29.641190476190474
(56,46)	24.402142857142856
(56,47)	14.828804347826088
(56,48)	7.639534883720929
(56,49)	7.8684615384615375
(56,50)	8.804251497005987
(56,51)	7.502933549920254
(56,52)	7.168585175645654
(56,53)	6.90159166988829
(56,54)	6.746049854811599
(56,55)	7.871090573012938
(56,56)	6.166401904865826
(56,57)	6.4168175165665
(56,58)	6.785766795667866
(56,59)	7.5693458959859035
(56,60)	7.698148209549064
(56,61)	7.821254841208367
(56,62)	8.024565217391304
(56,63)	6.229733333333334
(56,64)	9.681319509896321
(56,65)	11.330899635985466
(56,66)	11.695862824929726
(56,67)	10.484752567693738
(56,68)	9.505366323907442
(56,69)	8.5586642599278
(56,70)	14.732666666666665
(56,71)	8.923666666666666
(56,72)	24.87563771535368
(56,73)	23.557600000000004
(56,74)	22.017298509018193
(56,75)	20.802117488317496
(56,76)	21.459639063416027
(56,77)	26.43771041369254
(56,78)	11.721764705882354
(56,79)	18.789411764705882
(56,80)	18.47131578947368
(56,81)	10.7
(56,82)	11.421296296296296
(56,83)	9.773968253968254
(56,84)	4.295454545454546
(56,85)	5.2727272727272725
(56,86)	6.785714285714286
(56,87)	17.099999999999998
(56,88)	10.0
(56,90)	3.0
(56,91)	8.5
(56,93)	13.8
(56,94)	10.7
(56,100)	14.1625
(56,103)	29.25
(56,106)	2.5
(56,107)	2.7
(56,109)	100.0
(57,9)	22.38
(57,13)	2.7363636363636363
(57,19)	2.5
(57,20)	22.7
(57,22)	75.16666666666667
(57,23)	21.233333333333334
(57,24)	3.3
(57,25)	23.9
(57,26)	1.5
(57,27)	2.4833333333333334
(57,28)	15.5
(57,29)	11.9
(57,30)	4.888888888888889
(57,34)	10.25
(57,35)	2.461904761904762
(57,36)	6.0
(57,37)	6.166666666666667
(57,38)	54.15833333333333
(57,39)	42.285714285714285
(57,40)	28.678947368421056
(57,41)	24.640416666666667
(57,42)	13.71642857142857
(57,43)	19.8
(57,44)	9.398214285714285
(57,45)	30.894705882352945
(57,46)	15.563571428571427
(57,47)	32.456582278481015
(57,48)	16.28710144927536
(57,49)	8.656603773584905
(57,50)	7.72298969072165
(57,51)	7.4132845466641335
(57,52)	7.155190271710904
(57,53)	6.857947613921914
(57,54)	7.243123378688207
(57,55)	6.860012339234009
(57,56)	6.0146456114579445
(57,57)	6.448157232248117
(57,58)	6.641987954555985
(57,59)	7.145489380602761
(57,60)	7.8925058197947475
(57,61)	7.140044120974433
(57,62)	7.598333333333333
(57,63)	9.09609375
(57,64)	17.93006060606061
(57,65)	12.839462517680348
(57,66)	10.629433106575963
(57,67)	9.975199089874842
(57,68)	10.812098540145994
(57,69)	9.993624999999998
(57,70)	7.3704
(57,71)	16.6625
(57,72)	16.863999999999997
(57,73)	10.394615384615385
(57,74)	17.958
(57,75)	21.860238095238092
(57,76)	20.879
(57,77)	13.658684210526316
(57,78)	19.766666666666666
(57,79)	40.55
(57,80)	7.5
(57,81)	34.1
(57,82)	5.5
(57,83)	10.459999999999999
(57,84)	37.06714285714286
(57,85)	13.173684210526316
(57,86)	10.85
(57,87)	29.75
(57,89)	14.0
(57,91)	9.0
(57,92)	16.400000000000002
(57,93)	60.0
(57,96)	19.8
(57,100)	10.0
(57,102)	24.6
(57,103)	42.5
(57,104)	82.0
(57,105)	3.5
(57,106)	1.875
(57,107)	3.72
(57,108)	44.5
(57,109)	53.0
(58,2)	76.25
(58,3)	6.5
(58,4)	28.3
(58,6)	8.3
(58,15)	13.1
(58,17)	5.1
(58,19)	60.0
(58,20)	13.35
(58,21)	11.9
(58,24)	60.25
(58,26)	4.977777777777778
(58,27)	2.0
(58,30)	2.5
(58,33)	12.0
(58,34)	49.47222222222222
(58,35)	10.5
(58,36)	57.910000000000004
(58,37)	10.1
(58,38)	25.666666666666668
(58,39)	14.76
(58,40)	28.710625
(58,41)	16.464285714285715
(58,42)	19.585897435897433
(58,43)	24.97142857142857
(58,44)	5.8
(58,45)	9.850714285714286
(58,46)	13.46103448275862
(58,47)	13.05779411764706
(58,48)	28.89827160493827
(58,49)	15.526623376623379
(58,50)	7.16509433962264
(58,51)	9.325555555555555
(58,52)	7.914841498559075
(58,53)	6.7914933338717605
(58,54)	7.009888684938763
(58,55)	6.780569707162813
(58,56)	6.998327633378927
(58,57)	6.565456843906809
(58,58)	6.674614664715933
(58,59)	7.239788540078018
(58,60)	8.070961730842745
(58,61)	9.866283185840723
(58,62)	9.323173076923077
(58,63)	13.005185185185185
(58,64)	24.918055555555576
(58,65)	8.004
(58,66)	9.493951367781154
(58,67)	9.888705882352939
(58,68)	5.946363636363637
(58,69)	8.570833333333333
(58,70)	9.26
(58,71)	5.558064516129033
(58,73)	10.043333333333333
(58,74)	13.756428571428572
(58,75)	8.401176470588235
(58,76)	3.1153846153846154
(58,77)	6.383333333333333
(58,78)	24.666666666666668
(58,80)	15.754545454545456
(58,81)	10.4
(58,82)	5.0
(58,83)	10.966666666666667
(58,84)	25.247500000000002
(58,85)	48.12
(58,86)	25.625
(58,87)	12.3
(58,88)	27.25
(58,89)	6.0375
(58,90)	9.5
(58,91)	42.96666666666667
(58,93)	9.5
(58,94)	6.166666666666667
(58,95)	3.75
(58,96)	9.885714285714286
(58,97)	6.5
(58,102)	56.8
(58,103)	75.0
(58,104)	67.0
(58,105)	4.0
(58,107)	62.0
(59,11)	150.0
(59,15)	3.75
(59,18)	8.3
(59,20)	38.13
(59,24)	5.9
(59,26)	5.5
(59,27)	8.9
(59,30)	10.0
(59,31)	11.5
(59,32)	12.0
(59,33)	16.4
(59,35)	37.766666666666666
(59,36)	4.916666666666667
(59,38)	5.496153846153846
(59,39)	25.0
(59,40)	52.663333333333334
(59,41)	52.04339622641509
(59,42)	8.95
(59,43)	18.47142857142857
(59,44)	6.336363636363637
(59,45)	11.736111111111109
(59,46)	5.83
(59,47)	11.027872340425533
(59,48)	24.863906249999996
(59,49)	27.635576923076922
(59,50)	17.116666666666667
(59,51)	7.330188679245283
(59,52)	7.669047619047619
(59,53)	7.093967911670838
(59,54)	7.011472385080233
(59,55)	7.096067739442059
(59,56)	6.988012716800376
(59,57)	7.387172413793104
(59,58)	7.086413551932355
(59,59)	7.454243262990568
(59,60)	7.92862268692639
(59,61)	8.016666883327929
(59,62)	9.11609929078014
(59,63)	12.541891891891892
(59,64)	22.793262711864422
(59,65)	9.713333333333333
(59,66)	16.053749999999997
(59,67)	13.570714285714287
(59,68)	5.553333333333333
(59,69)	9.35625
(59,70)	5.816666666666666
(59,71)	15.991999999999999
(59,72)	9.129999999999999
(59,73)	9.675
(59,74)	14.216666666666667
(59,75)	2.9166666666666665
(59,76)	15.149655172413794
(59,77)	0.9
(59,78)	14.3
(59,79)	5.5
(59,80)	12.174999999999999
(59,81)	8.15
(59,82)	5.214285714285714
(59,83)	4.35
(59,85)	26.650769230769235
(59,86)	6.208333333333333
(59,87)	4.4319444444444445
(59,88)	25.0
(59,91)	14.75
(59,92)	13.016666666666666
(59,95)	8.75
(59,96)	9.0
(59,101)	21.833333333333332
(59,102)	3.0
(59,103)	68.83333333333333
(59,104)	47.766666666666666
(59,105)	83.92333333333333
(59,106)	6.9
(59,108)	42.25
(59,109)	2.0
(60,7)	78.25
(60,9)	105.0
(60,10)	59.666666666666664
(60,13)	215.0
(60,14)	2.25
(60,17)	99.6
(60,18)	70.0
(60,19)	4.61
(60,20)	4.9625
(60,21)	111.0
(60,22)	84.23333333333333
(60,23)	5.055555555555555
(60,24)	7.5
(60,25)	8.0
(60,26)	7.25
(60,27)	16.1
(60,28)	1.5625
(60,29)	34.5
(60,32)	4.316666666666666
(60,33)	1.125
(60,34)	9.376
(60,35)	86.67
(60,36)	12.116666666666669
(60,37)	8.2986
(60,38)	24.05891891891892
(60,39)	52.699999999999996
(60,40)	15.127272727272727
(60,41)	25.78
(60,42)	2.3
(60,43)	11.188235294117646
(60,45)	12.3
(60,46)	4.89375
(60,47)	16.25307692307692
(60,48)	13.053488372093023
(60,49)	25.54952380952381
(60,50)	32.129999999999995
(60,51)	10.02037037037037
(60,52)	15.575
(60,53)	8.417826086956518
(60,54)	7.565556540385976
(60,55)	7.310881823310731
(60,56)	6.931301454772764
(60,57)	7.425576043664248
(60,58)	7.901684210526316
(60,59)	7.481664387074694
(60,60)	7.657035365553479
(60,61)	7.617719112502292
(60,62)	7.646916969146996
(60,63)	11.761163310961974
(60,64)	31.199861111111108
(60,65)	22.33588785046732
(60,66)	9.111764705882353
(60,67)	7.581025641025642
(60,68)	12.353571428571428
(60,69)	7.0
(60,70)	6.666666666666667
(60,71)	10.9625
(60,72)	6.088571428571429
(60,73)	8.492307692307692
(60,74)	13.0
(60,75)	7.3125
(60,78)	9.842857142857143
(60,79)	24.5
(60,80)	1.6
(60,82)	14.575
(60,83)	14.0
(60,84)	12.0
(60,85)	111.40166666666669
(60,86)	4.0
(60,87)	11.5875
(60,88)	7.125
(60,89)	21.433333333333334
(60,90)	15.559999999999999
(60,91)	4.6
(60,99)	1.5
(60,100)	3.25
(60,103)	70.5
(60,104)	68.5
(61,7)	98.75
(61,10)	50.75
(61,11)	4.25
(61,13)	2.75
(61,16)	3.75
(61,19)	3.40625
(61,20)	7.95
(61,22)	8.257142857142856
(61,24)	4.428571428571429
(61,26)	1.4166666666666667
(61,29)	2.25
(61,31)	2.01875
(61,33)	19.3
(61,35)	60.0
(61,36)	21.537333333333333
(61,37)	11.284
(61,38)	36.7
(61,39)	73.145
(61,40)	11.25
(61,41)	5.922222222222222
(61,42)	7.775
(61,43)	8.981818181818182
(61,44)	5.3
(61,45)	21.227777777777778
(61,46)	8.8
(61,47)	8.441666666666666
(61,48)	19.404705882352943
(61,49)	10.041666666666666
(61,50)	15.889473684210525
(61,51)	36.45047619047619
(61,52)	9.636111111111113
(61,53)	9.051379310344826
(61,54)	9.030096711798839
(61,55)	7.84253484708883
(61,56)	7.6811221899184625
(61,57)	7.627285908759889
(61,58)	8.086240528998502
(61,59)	7.477665827036108
(61,60)	7.553341261535556
(61,61)	7.873169901941188
(61,62)	7.737434601289033
(61,63)	7.565308436145375
(61,64)	19.01125461254614
(61,65)	22.08391517128872
(61,66)	26.325943396226414
(61,67)	13.0
(61,68)	18.924999999999997
(61,69)	9.216666666666667
(61,70)	23.25
(61,71)	4.5
(61,72)	6.346153846153846
(61,74)	11.25
(61,75)	16.45
(61,76)	11.17
(61,77)	11.86
(61,78)	3.75
(61,79)	15.0
(61,80)	8.0
(61,81)	12.5
(61,83)	4.785714285714286
(61,84)	147.675
(61,90)	15.2
(61,91)	27.55333333333333
(61,92)	12.5
(61,95)	28.0
(61,101)	17.8
(61,109)	86.94999999999999
(62,4)	126.61
(62,12)	3.0
(62,15)	40.1
(62,18)	9.0
(62,19)	6.75
(62,20)	12.5
(62,21)	5.4375
(62,24)	4.75
(62,25)	60.0
(62,27)	1.3333333333333333
(62,29)	1.3
(62,30)	3.5799999999999996
(62,33)	14.675
(62,34)	13.7
(62,35)	28.7
(62,36)	3.953333333333333
(62,37)	15.53076923076923
(62,38)	6.788235294117647
(62,39)	6.4
(62,40)	11.686363636363637
(62,41)	5.0
(62,42)	4.444444444444445
(62,43)	2.05
(62,44)	13.133750000000001
(62,45)	5.684375
(62,46)	14.017142857142858
(62,47)	13.275
(62,48)	9.26923076923077
(62,49)	7.846666666666668
(62,50)	14.037142857142856
(62,51)	14.108571428571427
(62,52)	5.454166666666667
(62,53)	9.158
(62,54)	6.606666666666667
(62,55)	9.577887931034484
(62,56)	7.995043302819237
(62,57)	7.3642602079828485
(62,58)	7.817243932083516
(62,59)	8.05184950135993
(62,60)	8.380697933549445
(62,61)	8.241928769657717
(62,62)	8.185112158647636
(62,63)	9.227930746766802
(62,64)	19.077500000000004
(62,65)	15.979347826086956
(62,66)	12.45654761904762
(62,67)	15.014210526315791
(62,68)	11.291666666666666
(62,69)	36.85
(62,70)	10.5
(62,71)	19.5
(62,72)	10.299999999999999
(62,73)	6.833333333333333
(62,74)	24.0
(62,75)	14.9
(62,76)	23.9
(62,77)	16.991999999999997
(62,78)	21.85
(62,79)	1.25
(62,80)	6.185714285714285
(62,81)	25.7
(62,83)	22.5325
(62,84)	6.933333333333334
(62,86)	3.0
(62,89)	9.5
(62,98)	19.5
(62,101)	3.625
(62,102)	18.0
(62,105)	36.0
(62,106)	3.5
(62,107)	22.8
(63,5)	32.3875
(63,6)	48.575
(63,7)	108.0
(63,8)	98.5
(63,11)	162.0
(63,20)	3.5357142857142856
(63,21)	10.113888888888889
(63,22)	23.3
(63,23)	4.75
(63,25)	57.25
(63,26)	1.675
(63,27)	2.84375
(63,28)	26.055555555555557
(63,29)	69.18857142857142
(63,30)	12.645833333333334
(63,32)	9.333333333333334
(63,33)	27.225
(63,34)	54.647499999999994
(63,37)	11.1
(63,38)	10.033333333333333
(63,39)	2.857142857142857
(63,40)	6.0
(63,41)	3.963636363636363
(63,42)	5.0
(63,43)	2.4285714285714284
(63,44)	8.5
(63,45)	9.94375
(63,46)	9.819285714285714
(63,47)	4.117647058823529
(63,48)	23.906666666666666
(63,49)	33.2
(63,50)	17.48414634146341
(63,51)	43.88611111111111
(63,52)	35.13636363636363
(63,53)	21.169444444444444
(63,54)	6.077777777777778
(63,55)	8.586578947368421
(63,56)	8.452029208959656
(63,57)	8.632686135607784
(63,58)	8.86883614961078
(63,59)	8.31032460283385
(63,60)	9.066950106994055
(63,61)	8.71217210682495
(63,62)	8.333786295005837
(63,63)	9.490539682539682
(63,64)	9.228518518518516
(63,65)	10.105069767441856
(63,66)	10.491717171717172
(63,67)	8.691891891891892
(63,68)	13.935087719298245
(63,69)	29.25
(63,70)	7.425
(63,71)	2.9444444444444446
(63,72)	12.583333333333334
(63,73)	4.2
(63,74)	18.333333333333332
(63,75)	2.8625
(63,77)	2.3
(63,78)	2.6
(63,79)	26.325
(63,81)	5.783333333333334
(63,82)	1.5
(63,83)	65.7
(63,87)	9.0
(63,89)	9.833333333333334
(63,90)	7.5
(63,96)	8.5
(63,98)	2.7777777777777777
(63,99)	9.0
(63,101)	16.75
(63,108)	27.5
(63,109)	3.5
(64,5)	110.31
(64,6)	68.875
(64,8)	27.97
(64,9)	90.0
(64,10)	100.0
(64,14)	68.0
(64,15)	81.125
(64,18)	22.5
(64,22)	1.25
(64,23)	7.5
(64,24)	2.02
(64,25)	2.2
(64,26)	9.101818181818182
(64,27)	18.48
(64,28)	4.823529411764706
(64,29)	34.25
(64,30)	58.75
(64,33)	10.981428571428571
(64,34)	12.836666666666666
(64,35)	1.78
(64,37)	2.62
(64,38)	67.56666666666666
(64,39)	6.714285714285714
(64,40)	3.8636363636363638
(64,41)	1.6
(64,42)	5.35
(64,44)	32.666666666666664
(64,45)	6.5
(64,46)	9.5
(64,47)	14.799999999999999
(64,48)	3.4166666666666665
(64,49)	28.666666666666668
(64,50)	4.007692307692308
(64,51)	48.04230769230769
(64,52)	21.01923076923077
(64,53)	9.565000000000001
(64,54)	6.566666666666666
(64,55)	6.758571428571429
(64,56)	11.509268292682927
(64,57)	8.657509779046364
(64,58)	8.374427820241761
(64,59)	7.503690757361057
(64,60)	7.846548788474132
(64,61)	8.784564699655988
(64,62)	9.268137472283817
(64,63)	9.773530499075786
(64,64)	10.606784630940343
(64,65)	6.6066666666666665
(64,66)	10.338983050847459
(64,67)	8.882758620689655
(64,68)	8.327586206896552
(64,69)	9.82918918918919
(64,70)	30.661538461538463
(64,71)	12.055
(64,72)	14.723333333333333
(64,73)	1.4166666666666667
(64,74)	1.4
(64,75)	6.75
(64,76)	7.5
(64,77)	9.066666666666666
(64,78)	15.5
(64,79)	6.575
(64,80)	9.625
(64,82)	13.581136363636363
(64,83)	9.0
(64,88)	4.75
(64,97)	21.5
(64,102)	36.6
(64,104)	5.5
(64,108)	10.7
(65,6)	185.0
(65,7)	160.0
(65,8)	115.3725
(65,9)	151.7
(65,16)	11.05
(65,20)	120.0
(65,22)	4.7625
(65,23)	1.7
(65,25)	204.3
(65,26)	2.5
(65,27)	7.849090909090909
(65,28)	19.59
(65,29)	26.675
(65,30)	41.1
(65,31)	3.22
(65,32)	6.5
(65,33)	1.8
(65,34)	18.575
(65,35)	10.9
(65,36)	9.5
(65,38)	8.822222222222223
(65,39)	1.9166666666666667
(65,40)	4.86
(65,41)	8.1
(65,42)	18.7125
(65,43)	6.1000000000000005
(65,45)	1.6666666666666667
(65,46)	14.6
(65,47)	5.271875
(65,48)	11.442307692307692
(65,49)	21.650000000000002
(65,50)	6.38
(65,51)	18.32125
(65,52)	5.472727272727273
(65,53)	20.726666666666667
(65,54)	7.0
(65,55)	8.739
(65,56)	8.272558139534883
(65,57)	7.433716907871519
(65,58)	8.547130534060665
(65,59)	7.933347222222224
(65,60)	7.741753385602286
(65,61)	8.144165307232187
(65,62)	8.804907778668799
(65,63)	13.858317307692307
(65,64)	8.970782442748094
(65,65)	6.725294117647059
(65,66)	8.819161676646706
(65,67)	10.009411764705883
(65,68)	9.725000000000001
(65,69)	15.563999999999998
(65,70)	9.1125
(65,71)	11.99076923076923
(65,72)	13.696296296296296
(65,73)	3.4285714285714284
(65,74)	16.614285714285714
(65,75)	17.229999999999997
(65,76)	6.0
(65,77)	5.538888888888889
(65,78)	6.2
(65,79)	6.944444444444445
(65,80)	11.0
(65,82)	64.42
(65,83)	8.685714285714285
(65,84)	28.15
(65,85)	19.0
(65,86)	30.75
(65,87)	136.8
(65,88)	35.5
(65,92)	4.5
(65,99)	14.5
(66,5)	78.75
(66,7)	108.0
(66,9)	15.0
(66,10)	108.25
(66,15)	71.025
(66,19)	27.222857142857144
(66,21)	19.785714285714285
(66,22)	131.11
(66,23)	3.6
(66,24)	11.700000000000001
(66,25)	99.0
(66,26)	23.97714285714286
(66,27)	2.25
(66,28)	72.5
(66,29)	77.825
(66,30)	3.1
(66,33)	4.583333333333333
(66,35)	11.3
(66,36)	60.25
(66,37)	7.5
(66,38)	11.0
(66,39)	3.25
(66,40)	6.6
(66,41)	3.6666666666666665
(66,42)	13.0
(66,44)	7.666666666666667
(66,46)	7.55095238095238
(66,47)	5.2
(66,48)	4.5
(66,49)	9.3
(66,50)	1.1800000000000002
(66,51)	10.666666666666666
(66,52)	22.175
(66,53)	25.284999999999997
(66,54)	57.57727272727273
(66,55)	15.303846153846154
(66,56)	9.15
(66,57)	14.011333333333335
(66,58)	9.716941215543011
(66,59)	10.302144608956318
(66,60)	8.801902086677364
(66,61)	9.28165513833991
(66,62)	8.418761574074074
(66,63)	13.923999999999998
(66,64)	7.467105263157895
(66,65)	9.473017241379312
(66,66)	5.940363636363637
(66,67)	7.699101123595504
(66,68)	6.411111111111111
(66,69)	19.95
(66,70)	7.9017647058823535
(66,71)	11.75530612244898
(66,72)	8.332222222222223
(66,73)	11.011800000000001
(66,74)	9.020000000000001
(66,75)	16.815185185185186
(66,76)	5.341176470588235
(66,77)	11.5
(66,78)	10.256666666666666
(66,79)	5.316666666666666
(66,80)	11.67625
(66,82)	9.422222222222222
(66,84)	7.5
(66,85)	15.5
(66,86)	9.171428571428573
(66,87)	7.7
(66,88)	9.5
(66,93)	6.0
(66,94)	2.4166666666666665
(66,96)	12.5
(66,97)	2.0
(66,98)	2.55
(66,99)	36.725
(66,103)	13.5
(66,107)	9.5
(67,0)	98.125
(67,5)	177.0
(67,8)	48.5
(67,10)	97.5
(67,11)	160.0
(67,12)	91.5
(67,15)	3.6666666666666665
(67,16)	2.95
(67,18)	54.8625
(67,20)	70.0
(67,23)	31.375
(67,28)	41.63
(67,29)	6.5
(67,30)	18.0
(67,33)	16.580000000000002
(67,34)	7.859999999999999
(67,35)	1.3
(67,37)	62.5
(67,39)	30.599999999999998
(67,40)	52.625
(67,41)	88.0
(67,44)	50.339999999999996
(67,45)	9.85
(67,46)	3.1666666666666665
(67,48)	7.1875
(67,49)	11.171428571428573
(67,50)	8.0
(67,51)	12.758571428571429
(67,52)	111.25
(67,53)	43.90083333333333
(67,54)	59.53
(67,55)	47.27272727272727
(67,56)	6.433333333333334
(67,57)	5.746153846153846
(67,58)	9.235312500000001
(67,59)	10.712635458901605
(67,60)	10.602956816559626
(67,61)	9.899315789473686
(67,62)	8.149193154034231
(67,63)	12.415647668393783
(67,64)	11.929769230769228
(67,65)	10.487304582210248
(67,66)	5.588832116788321
(67,67)	17.729411764705883
(67,68)	6.790887096774193
(67,69)	9.46923076923077
(67,70)	5.35625
(67,71)	5.461904761904762
(67,72)	7.303333333333333
(67,73)	11.1
(67,74)	8.45
(67,75)	11.835593220338982
(67,76)	5.271739130434782
(67,77)	4.6675
(67,78)	12.031612903225804
(67,79)	4.204620689655172
(67,80)	45.114285714285714
(67,81)	13.728461538461538
(67,82)	11.441666666666668
(67,83)	18.99
(67,84)	20.7
(67,85)	8.442857142857143
(67,86)	5.975
(67,92)	2.875
(67,93)	7.8
(67,94)	6.1325
(67,95)	5.4
(67,96)	7.25
(67,97)	13.26
(67,101)	9.0
(67,102)	9.566666666666666
(67,103)	5.0
(67,107)	5.5
(67,109)	56.5
(68,0)	3.142857142857143
(68,1)	6.0
(68,7)	91.79666666666667
(68,8)	96.0
(68,10)	109.0
(68,11)	1.1800000000000002
(68,15)	78.0
(68,18)	58.625
(68,19)	2.6875
(68,21)	63.75
(68,23)	35.0
(68,26)	25.98125
(68,27)	58.75
(68,28)	83.125
(68,29)	70.0
(68,30)	61.602
(68,32)	13.1
(68,33)	90.0
(68,35)	29.0
(68,36)	8.620000000000001
(68,37)	6.5
(68,40)	6.0
(68,42)	13.5
(68,45)	15.0
(68,46)	8.928571428571429
(68,47)	81.0
(68,48)	3.1999999999999997
(68,49)	12.5
(68,51)	8.0
(68,52)	62.0375
(68,53)	9.928571428571429
(68,54)	10.319444444444445
(68,55)	47.425
(68,56)	8.256666666666668
(68,57)	11.975555555555555
(68,58)	16.9375
(68,59)	9.629999999999999
(68,60)	11.196117278679198
(68,61)	10.77661154235571
(68,62)	9.175227272727271
(68,63)	7.060490196078432
(68,64)	10.12328125
(68,65)	8.650955056179773
(68,66)	9.131735537190083
(68,67)	8.586666666666668
(68,68)	9.347000000000001
(68,69)	8.111162790697675
(68,70)	14.102941176470589
(68,71)	6.072
(68,72)	6.5
(68,73)	7.218000000000001
(68,74)	4.946875
(68,75)	9.5
(68,76)	12.129411764705884
(68,77)	8.24603260869565
(68,78)	12.65
(68,79)	19.59122448979592
(68,80)	10.016551724137932
(68,81)	3.55
(68,82)	3.75
(68,83)	31.357142857142858
(68,84)	15.25
(68,85)	22.15
(68,86)	6.8500000000000005
(68,87)	8.5
(68,89)	12.0
(68,93)	1.75
(68,95)	10.5
(68,96)	9.0
(68,104)	1.25
(68,105)	5.5
(68,109)	3.3333333333333335
(69,0)	1.8380000000000003
(69,1)	9.25
(69,2)	181.0
(69,6)	50.0
(69,8)	39.0
(69,16)	1.0
(69,17)	25.0
(69,20)	87.2
(69,22)	1.6
(69,24)	3.409090909090909
(69,25)	1.6
(69,27)	73.25
(69,28)	16.0
(69,29)	2.6666666666666665
(69,30)	95.0
(69,31)	71.5
(69,32)	26.95
(69,34)	3.5
(69,35)	2.3285714285714287
(69,37)	6.5
(69,38)	11.8
(69,39)	35.166666666666664
(69,42)	10.0
(69,43)	12.35
(69,44)	1.5
(69,46)	20.0
(69,47)	7.75
(69,48)	5.0
(69,50)	32.4125
(69,51)	4.925
(69,52)	22.38
(69,53)	31.666666666666668
(69,54)	59.075
(69,55)	67.55833333333334
(69,56)	20.0625
(69,57)	7.0
(69,58)	14.166666666666666
(69,59)	16.075
(69,60)	10.43004716981132
(69,61)	12.088006269592485
(69,62)	11.170441988950277
(69,63)	13.3
(69,64)	10.12782608695652
(69,65)	8.91776119402985
(69,66)	7.32125
(69,67)	9.596000000000002
(69,68)	8.033888888888889
(69,69)	9.441666666666666
(69,70)	19.883333333333336
(69,71)	19.155714285714286
(69,72)	8.544444444444444
(69,73)	13.1675
(69,74)	5.4071428571428575
(69,75)	15.317647058823528
(69,76)	10.656521739130433
(69,77)	9.875
(69,78)	14.071428571428571
(69,79)	4.147091420534457
(69,80)	10.2746
(69,81)	14.308
(69,82)	8.366666666666667
(69,83)	8.442857142857143
(69,84)	24.593333333333334
(69,85)	9.799999999999999
(69,86)	7.52
(69,87)	5.45
(69,93)	8.623999999999999
(69,96)	1.5833333333333333
(69,104)	6.833333333333333
(70,0)	1.9
(70,8)	52.655
(70,10)	98.164
(70,17)	85.0
(70,20)	90.5
(70,21)	1.3
(70,23)	54.0
(70,26)	5.49375
(70,29)	13.583333333333334
(70,31)	84.0
(70,34)	14.4875
(70,35)	3.8
(70,36)	37.38421052631579
(70,37)	6.0
(70,38)	4.0
(70,39)	7.214285714285714
(70,40)	12.0
(70,41)	10.25
(70,42)	5.805555555555555
(70,44)	8.5
(70,45)	47.666666666666664
(70,46)	4.7
(70,47)	14.722222222222221
(70,48)	58.375
(70,49)	68.31666666666668
(70,50)	10.964285714285714
(70,51)	26.75
(70,52)	45.25
(70,53)	9.25
(70,54)	33.875
(70,55)	51.621428571428574
(70,56)	11.26388888888889
(70,57)	4.4818181818181815
(70,58)	11.24
(70,59)	7.266666666666667
(70,60)	11.5
(70,61)	13.8436889349215
(70,62)	12.822951411687468
(70,63)	11.499350649350648
(70,64)	14.173090909090906
(70,65)	10.338823529411764
(70,66)	8.641842105263159
(70,67)	9.935057471264368
(70,68)	7.977000000000001
(70,69)	8.005483870967742
(70,70)	8.148800000000001
(70,71)	8.39857142857143
(70,72)	11.285
(70,73)	5.369230769230769
(70,74)	10.0
(70,75)	21.005
(70,76)	18.2975
(70,77)	15.1
(70,78)	11.115384615384615
(70,79)	12.844583333333333
(70,80)	11.457142857142857
(70,81)	10.943999999999999
(70,82)	12.464285714285714
(70,83)	14.5125
(70,84)	27.146666666666665
(70,85)	38.0
(70,86)	9.15
(70,88)	8.69
(70,91)	15.0
(70,94)	8.5
(70,96)	1.9833333333333334
(70,102)	5.5
(70,103)	9.0
(70,105)	8.5
(70,109)	10.0
(71,2)	23.65
(71,5)	108.0
(71,7)	75.0
(71,8)	108.0
(71,14)	121.05
(71,18)	120.0
(71,22)	15.795
(71,23)	2.9
(71,24)	14.492857142857144
(71,26)	0.8
(71,27)	10.5
(71,30)	1.45
(71,31)	16.75
(71,32)	75.0
(71,35)	22.65
(71,36)	6.0
(71,37)	9.65
(71,38)	3.224
(71,40)	24.5
(71,42)	3.8333333333333335
(71,43)	16.1
(71,44)	1.1
(71,46)	50.65
(71,47)	12.0
(71,49)	69.63333333333334
(71,50)	2.0833333333333335
(71,51)	30.9
(71,53)	22.232
(71,54)	6.166666666666667
(71,55)	23.64875
(71,56)	68.61111111111111
(71,57)	17.65
(71,58)	7.1000000000000005
(71,59)	10.332777777777778
(71,60)	15.825
(71,61)	10.192285714285712
(71,62)	11.668659262197536
(71,63)	9.969076212471133
(71,64)	12.575454545454543
(71,65)	8.33294117647059
(71,66)	10.314594594594595
(71,67)	9.58540697674419
(71,68)	11.443619909502267
(71,69)	9.572987012987014
(71,70)	11.038541666666667
(71,71)	6.421875
(71,72)	7.794117647058823
(71,73)	11.75
(71,74)	5.5
(71,75)	23.75
(71,76)	15.13
(71,77)	22.4
(71,78)	6.0
(71,80)	20.915789473684214
(71,81)	5.75
(71,82)	8.45111111111111
(71,83)	7.428571428571429
(71,84)	14.7
(71,85)	8.0
(71,86)	2.25
(71,87)	12.0
(71,101)	14.5
(71,102)	10.5
(71,104)	8.5
(71,107)	10.5
(71,108)	15.290909090909093
(72,5)	1.8833333333333335
(72,10)	100.0
(72,11)	115.5
(72,13)	104.0
(72,14)	55.46875
(72,19)	163.7
(72,21)	3.476
(72,23)	99.89
(72,24)	60.0
(72,26)	17.5
(72,29)	1.2
(72,30)	2.7
(72,32)	65.0
(72,33)	72.0
(72,35)	7.0
(72,36)	65.22500000000001
(72,39)	39.449999999999996
(72,41)	14.58
(72,43)	1.9
(72,44)	6.35
(72,45)	14.625
(72,46)	72.79400000000001
(72,47)	47.55909090909092
(72,49)	5.960000000000001
(72,50)	54.375
(72,52)	1.8
(72,53)	68.58333333333333
(72,54)	61.175000000000004
(72,55)	35.5
(72,56)	51.894444444444446
(72,57)	35.69285714285714
(72,58)	33.07
(72,59)	13.995833333333332
(72,60)	23.68111111111111
(72,61)	12.814180602006685
(72,62)	11.716844311377244
(72,63)	11.301936507936505
(72,64)	13.618692307692305
(72,65)	9.984722222222222
(72,66)	8.688461538461539
(72,67)	10.011770186335402
(72,68)	8.71367231638418
(72,69)	7.3487368421052635
(72,70)	8.60346153846154
(72,71)	7.0210526315789465
(72,72)	10.622222222222222
(72,73)	16.955909090909092
(72,74)	9.75
(72,75)	15.962499999999999
(72,76)	10.75
(72,77)	3.875
(72,78)	6.95
(72,79)	14.79
(72,80)	32.699999999999996
(72,81)	9.488888888888889
(72,82)	13.25
(72,83)	4.8500000000000005
(72,84)	54.43333333333334
(72,86)	5.25
(72,88)	5.15
(72,98)	2.6666666666666665
(72,100)	16.1
(72,103)	11.1
(72,105)	10.0
(73,4)	2.35
(73,8)	51.0
(73,9)	56.59285714285714
(73,10)	65.375
(73,19)	0.7
(73,22)	26.025
(73,25)	2.2600000000000002
(73,26)	1.54
(73,30)	8.0
(73,33)	77.5
(73,35)	1.4
(73,37)	90.85000000000001
(73,38)	5.0
(73,39)	31.675
(73,40)	57.175000000000004
(73,41)	6.0
(73,42)	73.5
(73,43)	25.88666666666667
(73,44)	8.5
(73,45)	7.266666666666667
(73,46)	43.75
(73,48)	1.6466666666666667
(73,50)	8.5
(73,51)	12.489090909090908
(73,52)	2.2416666666666667
(73,53)	25.0
(73,54)	14.8484
(73,55)	25.735925925925926
(73,56)	28.98
(73,57)	32.896
(73,58)	6.0
(73,62)	14.21994897959184
(73,63)	10.207948303715675
(73,64)	11.135324675324673
(73,65)	10.005833333333333
(73,66)	7.756578947368421
(73,67)	9.576451612903226
(73,68)	4.495982142857143
(73,69)	9.80490909090909
(73,70)	10.288194444444445
(73,71)	16.088636363636365
(73,72)	18.16521739130435
(73,73)	17.29
(73,74)	29.75
(73,75)	14.704545454545455
(73,76)	17.776562499999997
(73,77)	14.936363636363637
(73,78)	7.786363636363637
(73,79)	13.5
(73,80)	6.0
(73,81)	12.890909090909092
(73,82)	40.685
(73,83)	11.5
(73,84)	4.722222222222222
(73,87)	2.8333333333333335
(73,95)	3.3333333333333335
(73,101)	9.0
(73,105)	7.0
(73,109)	3.75
(74,3)	2.6666666666666665
(74,4)	1.35
(74,13)	18.5
(74,19)	8.0
(74,24)	16.12
(74,28)	2.1
(74,29)	3.22
(74,30)	5.0
(74,32)	145.0
(74,33)	7.075
(74,34)	1.6600000000000001
(74,35)	1.4
(74,36)	22.1625
(74,38)	60.375
(74,42)	44.25
(74,43)	6.5
(74,44)	41.0
(74,45)	12.38
(74,46)	30.625
(74,47)	57.3
(74,48)	3.724
(74,49)	14.633333333333333
(74,51)	90.5
(74,54)	38.36730769230769
(74,55)	52.57222222222222
(74,56)	57.107142857142854
(74,57)	76.09200000000001
(74,58)	63.0
(74,59)	1.9
(74,60)	2.375
(74,62)	5.1
(74,63)	10.616235294117647
(74,64)	14.583186813186815
(74,65)	8.195347222222223
(74,66)	7.574
(74,67)	9.95111111111111
(74,68)	9.876623376623378
(74,69)	13.226760563380282
(74,70)	12.615
(74,71)	11.358235294117648
(74,72)	12.765625
(74,73)	7.125
(74,75)	4.5
(74,76)	12.0
(74,77)	11.166666666666666
(74,78)	21.75
(74,79)	6.94
(74,80)	9.6
(74,82)	17.374000000000002
(74,83)	13.916666666666666
(74,84)	8.65
(74,85)	29.69
(74,89)	7.0
(74,107)	40.0
(75,4)	1.3
(75,6)	19.0
(75,18)	12.5
(75,19)	82.8
(75,24)	0.6
(75,26)	88.76
(75,28)	16.041666666666668
(75,32)	7.3
(75,34)	1.72
(75,37)	88.4
(75,38)	5.0
(75,39)	31.91428571428571
(75,41)	9.0
(75,42)	6.5
(75,43)	30.375
(75,44)	50.0
(75,46)	8.5
(75,47)	3.5799999999999996
(75,48)	16.233333333333334
(75,49)	95.0
(75,50)	6.75
(75,51)	10.15
(75,53)	60.0
(75,54)	11.5
(75,55)	58.779090909090904
(75,56)	6.25
(75,58)	62.75
(75,61)	9.86
(75,62)	2.25
(75,63)	14.548363636363637
(75,64)	12.374789325842706
(75,65)	13.695275229357799
(75,66)	11.583513513513514
(75,68)	10.162
(75,69)	13.89264705882353
(75,70)	10.546052631578947
(75,71)	7.620930232558139
(75,72)	12.341904761904763
(75,73)	19.93
(75,74)	3.5
(75,75)	10.0
(75,76)	17.166666666666668
(75,77)	7.592
(75,78)	12.525
(75,79)	6.3
(75,80)	21.766666666666666
(75,81)	6.5
(75,82)	15.172727272727274
(75,83)	3.7600000000000002
(75,88)	21.5
(75,89)	6.25
(75,90)	8.5
(75,92)	24.0
(75,109)	8.0
(76,5)	152.77
(76,12)	202.5
(76,17)	102.11
(76,30)	3.06
(76,31)	1.224
(76,32)	61.333333333333336
(76,33)	1.6
(76,35)	6.0
(76,36)	12.299333333333333
(76,37)	74.675
(76,38)	52.5
(76,45)	13.0
(76,46)	43.25
(76,48)	83.285
(76,49)	90.26240000000001
(76,50)	18.95
(76,51)	8.1375
(76,53)	13.5
(76,54)	4.636363636363637
(76,55)	117.3
(76,56)	11.5
(76,58)	34.18666666666666
(76,59)	75.9
(76,63)	7.175999999999999
(76,64)	7.5
(76,65)	14.79
(76,66)	15.026714285714284
(76,67)	10.094248366013073
(76,68)	13.835857142857142
(76,69)	13.117692307692307
(76,70)	20.725
(76,71)	7.875
(76,72)	6.026666666666666
(76,73)	11.588235294117647
(76,74)	15.579811320754715
(76,75)	9.5
(76,76)	23.824
(76,77)	21.02
(76,78)	7.023076923076923
(76,79)	4.25
(76,80)	6.375
(76,81)	17.6
(76,82)	5.0
(76,83)	41.56666666666667
(76,84)	10.059999999999999
(76,85)	9.0
(76,99)	11.0
(77,0)	3.425
(77,2)	3.0
(77,8)	321.05
(77,27)	7.99
(77,31)	8.5
(77,32)	98.0
(77,35)	80.5
(77,36)	23.78
(77,37)	90.125
(77,39)	62.833333333333336
(77,43)	11.75
(77,45)	38.55
(77,46)	41.25
(77,47)	65.0
(77,48)	90.0
(77,49)	15.028571428571428
(77,50)	46.0
(77,52)	72.5
(77,53)	14.225
(77,54)	104.75
(77,55)	55.0
(77,56)	2.7066666666666666
(77,59)	42.825
(77,60)	28.272000000000002
(77,62)	4.5
(77,63)	4.5
(77,64)	4.055000000000001
(77,65)	10.48235294117647
(77,66)	16.1868
(77,67)	6.446666666666666
(77,68)	12.023124999999999
(77,69)	9.493292682926828
(77,70)	12.0
(77,71)	3.546666666666667
(77,72)	4.322025316455696
(77,73)	28.357142857142858
(77,74)	24.813333333333333
(77,75)	9.261333333333335
(77,76)	7.694117647058825
(77,77)	31.0
(77,78)	39.0
(77,79)	9.714285714285714
(77,80)	51.25
(77,81)	7.08
(77,82)	9.700000000000001
(77,83)	12.806153846153846
(77,84)	32.0
(77,85)	5.5
(77,86)	52.4
(77,91)	6.5
(77,97)	16.0
(77,104)	19.5
(78,5)	80.25
(78,21)	2.5
(78,26)	6.0
(78,27)	7.515000000000001
(78,28)	3.5799999999999996
(78,33)	35.125
(78,35)	8.3
(78,36)	5.375
(78,37)	103.5
(78,38)	32.125
(78,39)	90.0
(78,41)	4.104166666666667
(78,44)	1.54
(78,45)	158.05
(78,49)	12.38
(78,50)	40.0
(78,51)	69.9
(78,52)	55.38545454545454
(78,53)	55.09411764705882
(78,54)	81.25
(78,56)	11.785
(78,57)	9.25
(78,58)	1.3333333333333333
(78,59)	43.666666666666664
(78,60)	41.083333333333336
(78,65)	29.75
(78,66)	9.73333333333333
(78,67)	16.669230769230772
(78,68)	9.299999999999999
(78,69)	9.923913043478262
(78,70)	8.892307692307693
(78,71)	10.014814814814814
(78,72)	7.62
(78,73)	5.983170731707317
(78,74)	12.739473684210527
(78,75)	2.62
(78,77)	11.05
(78,78)	4.1211111111111105
(78,79)	19.532
(78,81)	8.5
(78,82)	7.0
(78,83)	41.6875
(78,84)	14.5
(78,85)	116.275
(78,86)	11.0
(78,93)	10.7
(79,3)	2.0
(79,7)	32.0
(79,16)	6.5
(79,18)	7.905260115606935
(79,19)	11.1865
(79,25)	26.0
(79,26)	17.5
(79,27)	10.0
(79,28)	98.0
(79,30)	47.666666666666664
(79,33)	10.0
(79,34)	16.874285714285712
(79,36)	16.266666666666666
(79,37)	66.0
(79,38)	98.08
(79,39)	17.9
(79,41)	4.25
(79,44)	54.93333333333334
(79,45)	8.5
(79,47)	29.666666666666668
(79,48)	45.625
(79,49)	13.25
(79,50)	38.5
(79,53)	12.206666666666669
(79,55)	35.166666666666664
(79,56)	55.025
(79,57)	0
(79,59)	70.68333333333334
(79,60)	42.72
(79,61)	2.0
(79,63)	8.683333333333334
(79,65)	2.225
(79,66)	18.25
(79,67)	19.664285714285715
(79,68)	14.895833333333334
(79,69)	11.710333333333333
(79,70)	15.416666666666666
(79,72)	7.125
(79,73)	39.5
(79,74)	4.285714285714286
(79,76)	7.125
(79,77)	11.5
(79,79)	15.4125
(79,80)	5.0
(79,81)	4.9875
(79,83)	8.5
(79,84)	5.0
(79,85)	8.0
(79,86)	4.833333333333333
(79,89)	77.0
(80,6)	5.17
(80,15)	7.0
(80,18)	10.43550561797753
(80,21)	11.615217391304347
(80,25)	3.4
(80,30)	11.0
(80,32)	7.56
(80,34)	32.135384615384616
(80,35)	52.5
(80,39)	97.2
(80,40)	17.5
(80,44)	86.075
(80,45)	62.25
(80,46)	6.0
(80,47)	155.0
(80,48)	14.5
(80,51)	14.5
(80,54)	56.95
(80,55)	36.542857142857144
(80,57)	50.0
(80,59)	12.0
(80,60)	62.5
(80,61)	81.5
(80,64)	13.12
(80,66)	14.5
(80,67)	11.733333333333333
(80,68)	3.7409999999999997
(80,69)	19.2
(80,70)	7.244444444444444
(80,71)	23.55
(80,73)	21.4125
(80,77)	18.525
(80,78)	17.442857142857143
(80,79)	9.166666666666666
(80,80)	13.0
(80,81)	7.5
(80,82)	35.849999999999994
(80,84)	6.833333333333333
(80,86)	5.333333333333333
(80,88)	33.25
(80,90)	96.0
(80,94)	84.8
(80,97)	6.75
(80,104)	2.5833333333333335
(81,5)	1.8
(81,13)	10.0
(81,17)	50.0
(81,18)	13.55
(81,19)	1.3181818181818181
(81,21)	1.3
(81,23)	1.95
(81,30)	75.0
(81,34)	9.049999999999999
(81,37)	58.333333333333336
(81,39)	13.0
(81,41)	6.5
(81,42)	78.0
(81,45)	141.25
(81,46)	90.25
(81,48)	53.199999999999996
(81,49)	62.072
(81,51)	12.74
(81,54)	80.0
(81,56)	5.5
(81,57)	8.5
(81,59)	2.1
(81,61)	66.265
(81,67)	30.5
(81,68)	24.875
(81,69)	3.0736842105263156
(81,70)	7.75
(81,71)	9.75
(81,73)	8.691666666666666
(81,74)	5.5625
(81,75)	12.142857142857142
(81,76)	17.107142857142858
(81,77)	13.24
(81,78)	49.05
(81,79)	24.8
(81,80)	8.5
(81,81)	67.3
(81,83)	8.5
(81,84)	14.0
(81,85)	6.8
(81,86)	6.666666666666667
(81,87)	33.75
(81,88)	39.666666666666664
(81,89)	125.5
(81,90)	3.5
(81,96)	118.75
(82,11)	114.5
(82,12)	97.25
(82,18)	1.5533333333333335
(82,19)	1.6
(82,20)	12.0
(82,23)	1.5
(82,24)	1.5
(82,29)	127.77499999999999
(82,33)	6.5
(82,38)	106.0
(82,39)	68.25
(82,45)	123.11
(82,46)	6.5
(82,47)	47.0
(82,48)	8.35
(82,49)	40.675000000000004
(82,50)	90.0
(82,51)	2.525
(82,52)	8.45
(82,53)	14.5
(82,54)	63.0
(82,56)	41.35
(82,57)	2.155
(82,59)	1.625
(82,60)	17.35
(82,61)	13.0
(82,62)	67.04166666666667
(82,63)	11.3
(82,65)	13.7
(82,67)	5.0
(82,68)	6.687096774193548
(82,69)	9.333333333333334
(82,70)	12.105882352941178
(82,71)	6.5
(82,72)	4.0
(82,76)	2.7142857142857144
(82,77)	9.525
(82,78)	8.0
(82,79)	5.0
(82,80)	4.0
(82,81)	9.0
(82,82)	71.5
(82,83)	92.0
(82,85)	68.1
(82,86)	6.25
(82,87)	65.62
(82,88)	30.5
(82,91)	62.0
(82,92)	35.0
(82,93)	33.54
(82,95)	72.0
(82,96)	7.5
(83,10)	21.0
(83,15)	2.6
(83,18)	1.8
(83,19)	16.75
(83,21)	7.0
(83,25)	4.1
(83,26)	114.0
(83,30)	25.75
(83,31)	3.0
(83,37)	11.02
(83,38)	19.5
(83,39)	38.5
(83,43)	147.5
(83,45)	27.0
(83,46)	30.875
(83,47)	88.5
(83,48)	122.73333333333333
(83,49)	30.916666666666668
(83,53)	53.083333333333336
(83,55)	9.5
(83,56)	35.833333333333336
(83,63)	18.5
(83,64)	1.3
(83,66)	18.5
(83,68)	16.94857142857143
(83,69)	11.35
(83,70)	12.9
(83,73)	48.48
(83,77)	25.0
(83,79)	11.25
(83,80)	19.074
(83,83)	6.5
(83,84)	27.666666666666668
(83,85)	6.1
(83,86)	89.0
(83,87)	12.5
(83,88)	19.45
(83,93)	82.8375
(83,94)	35.01
(84,14)	14.0
(84,15)	1.7
(84,18)	2.8
(84,21)	2.05
(84,22)	1.6
(84,25)	92.0
(84,26)	108.0
(84,30)	80.0
(84,31)	3.0
(84,42)	35.751999999999995
(84,46)	1.7
(84,49)	6.666666666666667
(84,50)	144.6
(84,51)	13.1
(84,53)	2.9
(84,54)	7.637499999999999
(84,55)	117.75
(84,56)	124.5
(84,57)	51.9375
(84,61)	2.625
(84,68)	12.639999999999999
(84,69)	54.166666666666664
(84,70)	18.75
(84,71)	3.0
(84,72)	5.75
(84,73)	25.5
(84,74)	15.883333333333333
(84,75)	166.25
(84,77)	8.3
(84,79)	32.375
(84,81)	5.25
(84,82)	13.875
(84,83)	13.633333333333333
(84,84)	90.0
(84,88)	24.5
(84,89)	76.8
(84,93)	70.66499999999999
(84,94)	63.88363636363636
(84,108)	9.5
(85,5)	4.3
(85,12)	7.5
(85,14)	14.3
(85,15)	13.916666666666666
(85,24)	154.1
(85,25)	67.035
(85,31)	10.7
(85,34)	85.0
(85,43)	52.5
(85,48)	27.166666666666668
(85,49)	6.5
(85,53)	9.671428571428573
(85,54)	10.0
(85,55)	100.0
(85,57)	64.7
(85,58)	5.75
(85,59)	1.75
(85,60)	21.5
(85,61)	17.0
(85,66)	2.75
(85,67)	2.5
(85,69)	51.25
(85,70)	19.2
(85,73)	24.0
(85,74)	17.5
(85,75)	6.8125
(85,76)	18.3125
(85,77)	61.65
(85,80)	80.0
(85,81)	7.333333333333333
(85,82)	3.5
(85,84)	89.8
(85,86)	152.5
(85,87)	81.25
(85,88)	5.5
(85,90)	6.0
(85,92)	155.0
(85,93)	67.15
(85,94)	125.5
(85,95)	100.0
(85,97)	95.5
